0 5
1 30
2 32
3 38
4 43
5 53
6 59
7 69
8 80
9 87
10 96
11 102
12 107
13 111
14 113
15 117
16 120
17 122
18 124
19 127
20 129
22 134
23 137
24 140
25 142
26 143
28 148
30 151
31 153
32 154
34 159
35 160
36 163
37 164
38 166
40 169
41 171
42 172
43 174
47 181
48 182
49 184
52 189
53 191
54 193
56 196
59 201
60 203
61 204
62 206
63 208
65 212
66 213
67 215
68 216
70 220
76 232
77 234
78 236
79 238
80 240
82 243
83 245
84 247
85 249
86 251
87 252
89 257
90 259
91 261
92 263
93 265
94 267
95 270
96 272
98 276
99 278
100 281
101 282
102 284
103 287
105 292
106 294
107 296
108 300
109 302
112 309
113 313
114 316
115 319
116 322
117 324
118 327
119 333
120 338
121 343
122 348
123 352
124 357
125 359
126 362
129 374
130 379
132 392
133 398
134 401
135 406
136 410
137 414
138 418
139 423
140 425
141 427
144 436
145 439
146 442
148 447
150 452
151 456
153 461
155 466
156 470
157 472
158 474
159 476
160 479
161 482
162 485
163 488
164 492
165 497
166 502
167 505
168 508
170 518
171 520
172 522
173 525
175 530
176 533
177 536
178 538
180 544
181 547
182 552
183 554
185 559
186 562
187 564
188 567
190 572
191 575
192 578
193 580
194 582
195 586
196 589
198 594
199 597
200 600
201 603
203 610
204 613
205 616
206 623
207 626
208 628
209 630
210 633
212 638
213 643
215 650
216 652
217 655
218 658
219 660
221 666
223 672
224 676
225 679
226 681
227 685
228 688
229 690
231 698
232 700
233 704
234 706
236 716
237 720
238 723
240 732
241 737
242 743
243 746
244 749
245 760
246 767
247 771
248 774
249 777
251 786
252 789
253 795
254 801
256 811
257 815
258 818
259 826
260 829
261 832
263 839
264 842
265 848
266 851
267 854
268 857
269 860
270 864
271 866
272 869
273 872
275 880
276 885
277 888
278 890
279 896
280 899
282 908
283 911
284 915
286 920
287 923
288 927
290 932
291 936
292 939
294 945
295 948
296 950
297 954
298 958
299 961
300 964
302 970
303 973
304 977
305 980
306 983
307 987
308 990
309 992
310 996
311 999
312 1002
313 1005
314 1008
315 1011
316 1015
319 1025
321 1031
322 1034
323 1037
324 1040
325 1044
326 1046
328 1052
329 1055
330 1058
331 1061
332 1065
333 1068
334 1071
335 1079
336 1088
337 1106
338 1114
339 1123
340 1128
342 1140
343 1145
345 1153
346 1155
347 1157
348 1160
349 1162
350 1165
351 1168
352 1170
353 1174
354 1176
355 1179
357 1188
358 1192
359 1194
361 1201
362 1204
363 1210
364 1213
365 1217
367 1223
368 1226
370 1235
372 1241
374 1249
376 1256
377 1259
378 1262
379 1268
380 1273
381 1276
382 1278
383 1280
384 1283
386 1288
387 1291
388 1293
389 1298
390 1301
391 1306
392 1311
393 1313
394 1317
397 1330
398 1338
399 1342
400 1346
401 1350
402 1352
403 1355
405 1360
406 1363
407 1368
408 1370
409 1375
410 1377
411 1379
413 1384
414 1387
415 1392
416 1398
417 1400
418 1403
419 1407
420 1412
421 1415
423 1420
424 1426
425 1431
426 1436
427 1439
428 1444
429 1448
430 1452
431 1455
433 1467
434 1472
435 1474
436 1480
437 1483
438 1488
439 1492
440 1495
442 1500
443 1503
445 1508
446 1512
447 1515
448 1518
449 1522
450 1525
451 1528
452 1532
453 1535
454 1542
455 1547
456 1549
458 1559
459 1561
460 1565
462 1570
463 1573
464 1576
465 1579
466 1582
467 1585
468 1588
469 1592
470 1595
471 1601
472 1603
473 1609
474 1613
476 1618
477 1621
479 1627
480 1630
481 1633
482 1636
484 1642
485 1646
486 1649
487 1653
488 1656
489 1660
490 1664
491 1667
492 1670
493 1675
495 1684
496 1689
498 1696
499 1702
500 1710
501 1719
502 1726
503 1734
504 1742
505 1746
506 1751
507 1753
508 1756
509 1758
511 1763
514 1772
515 1775
516 1778
517 1780
519 1792
520 1799
521 1808
522 1819
523 1836
524 1863
525 1884
526 1908
527 1916
528 1923
529 1932
530 1942
531 1949
532 1952
533 1955
534 1958
535 1961
536 1964
537 1966
538 1968
539 1982
540 1992
541 1998
543 2008
544 2010
545 2012
546 2014
547 2016
548 2019
549 2021
553 2032
554 2034
555 2039
556 2044
557 2045
558 2047
559 2050
560 2054
561 2056
562 2062
564 2071
565 2076
566 2082
567 2087
568 2090
569 2096
571 2105
572 2110
573 2113
574 2115
575 2117
576 2121
577 2123
578 2125
579 2128
580 2130
581 2133
583 2138
584 2143
585 2148
586 2150
587 2153
589 2158
590 2162
591 2164
592 2167
593 2174
594 2176
595 2179
596 2181
597 2183
598 2185
599 2187
600 2189
601 2190
602 2192
603 2194
604 2195
605 2197
606 2198
608 2206
609 2209
610 2213
611 2218
613 2248
614 2256
615 2265
617 2284
618 2287
619 2289
620 2291
621 2293
622 2312
623 2329
624 2357
626 2385
629 2394
630 2397
631 2404
632 2406
633 2415
634 2423
635 2438
636 2449
637 2461
638 2472
639 2482
640 2492
641 2502
642 2510
643 2519
645 2530
646 2532
647 2535
648 2538
649 2540
650 2545
651 2548
652 2552
655 2562
656 2565
657 2570
658 2571
659 2580
660 2583
661 2585
662 2588
663 2592
664 2594
665 2597
668 2608
669 2610
670 2613
671 2616
674 2622
675 2625
676 2628
678 2632
679 2635
682 2642
683 2645
684 2647
686 2652
687 2654
688 2656
690 2664
691 2667
692 2672
693 2681
694 2683
695 2688
696 2691
698 2698
700 2710
701 2715
702 2717
703 2719
704 2724
706 2729
707 2736
708 2738
709 2741
711 2750
712 2755
713 2760
714 2765
715 2767
716 2770
717 2772
718 2774
719 2779
720 2782
721 2785
722 2790
723 2792
724 2794
725 2797
726 2801
727 2804
728 2806
729 2808
730 2811
731 2814
732 2816
733 2819
734 2823
735 2825
736 2828
737 2832
738 2834
739 2838
741 2883
742 2906
743 2916
744 2920
745 2927
746 2932
747 2939
748 2946
749 2948
750 2952
751 2957
755 2973
756 2976
757 2979
758 2984
760 2992
761 2995
762 2997
763 3000
764 3003
765 3006
766 3008
767 3011
768 3014
769 3017
770 3020
771 3025
772 3028
773 3031
775 3036
777 3043
780 3052
781 3055
782 3058
783 3061
784 3064
785 3067
786 3070
787 3074
788 3076
789 3079
790 3083
791 3086
792 3092
793 3098
794 3100
795 3107
796 3112
797 3126
798 3143
799 3148
800 3151
802 3170
803 3173
804 3178
805 3181
806 3185
807 3187
808 3189
809 3191
810 3193
811 3195
812 3197
813 3199
814 3201
815 3202
816 3206
817 3210
818 3217
819 3220
820 3227
821 3229
822 3231
823 3232
824 3234
825 3236
826 3240
827 3242
828 3244
829 3246
830 3248
831 3252
832 3254
833 3257
834 3261
835 3263
836 3266
837 3268
839 3272
840 3274
841 3277
842 3281
844 3290
845 3293
846 3297
847 3299
849 3316
850 3324
851 3333
852 3346
855 3372
856 3374
857 3376
858 3380
859 3383
860 3385
862 3395
863 3398
864 3402
865 3410
866 3416
867 3420
868 3425
869 3429
871 3438
872 3443
873 3448
874 3449
876 3458
877 3461
878 3464
879 3468
880 3473
882 3482
883 3487
885 3668
886 3673
887 3676
888 3680
890 3688
891 3692
892 3697
893 3701
894 3705
895 3709
896 3713
897 3717
898 3721
899 3730
900 3736
901 3742
902 3749
903 3755
904 3759
905 3765
907 3771
908 3774
909 3780
911 3789
912 3794
913 3798
914 3801
915 3804
916 3811
917 3814
919 3822
920 3825
921 3829
922 3834
924 3843
925 3848
926 3854
928 3863
930 3932
931 3939
932 3946
933 3954
934 3956
935 3969
936 3987
937 4006
938 4010
942 4018
943 4022
946 4028
947 4030
948 4034
949 4038
950 4042
951 4044
952 4050
953 4051
954 4054
955 4056
956 4059
957 4063
958 4066
959 4068
960 4244
961 4254
962 4282
963 4308
964 4322
965 4328
966 4385
967 4386
969 4430
971 4518
973 4531
974 4537
976 4548
977 4554
978 4566
979 4572
981 4581
983 4587
984 4593
985 4598
986 4601
987 4608
988 4615
989 4619
990 4622
991 4630
993 4638
994 4642
995 4646
996 4672
998 4698
1000 4710
1001 4714
1003 4727
1004 4731
1005 4736
1006 4753
1007 4774
1008 4782
1009 4793
1011 4805
1012 4808
1013 4817
1014 4820
1015 4838
1017 4883
1018 4909
1019 4934
1020 4953
1021 4966
1022 4969
1023 4976
1024 4978
1026 4989
1027 4992
1028 4996
1029 5000
1030 5004
1032 5014
1033 5018
1034 5021
1035 5024
1036 5028
1037 5035
1039 5043
1041 5053
1042 5060
1043 5066
1044 5070
1045 5074
1046 5076
1047 5083
1048 5087
1049 5090
1050 5094
1051 5100
1053 5111
1054 5114
1056 5130
1057 5137
1058 5145
1059 5152
1060 5181
1062 5190
1063 5246
1065 5250
1067 5257
1068 5261
1069 5266
1070 5269
1071 5278
1072 5283
1073 5288
1074 5293
1075 5298
1076 5305
1077 5316
1078 5320
1079 5325
1080 5335
1081 5340
1083 5378
1084 5383
1085 5413
1087 5435
1088 5440
1090 5452
1091 5461
1092 5470
1093 5475
1094 5484
1095 5488
1096 5497
1098 5506
1099 5515
1100 5524
1101 5528
1104 5553
1105 5559
1107 5568
1108 5572
1109 5577
1110 5580
1112 5591
1114 5600
1115 5606
1116 5610
1118 5624
1120 5634
1121 5640
1122 5646
1123 5650
1125 5661
1126 5666
1127 5672
1128 5678
1129 5682
1131 5694
1132 5699
1134 5709
1135 5715
1136 5720
1137 5726
1138 5731
1140 5740
1141 5745
1143 5754
1144 5758
1145 5767
1146 5781
1147 5796
1150 5824
1151 5828
1152 5832
1153 5835
1154 5839
1155 5843
1156 5847
1157 5851
1158 5854
1159 5858
1161 5865
1162 5873
1163 5877
1164 5898
1166 5954
1167 5966
1168 5973
1170 5984
1171 5988
1172 5992
1174 6000
1175 6006
1176 6037
1177 6046
1178 6056
1179 6058
1180 6060
1181 6063
