1 65
2 68
3 74
5 87
6 97
7 103
8 107
9 116
10 122
11 127
12 135
13 145
14 157
18 170
19 177
21 187
22 191
24 199
26 210
27 213
30 226
31 229
32 231
33 235
34 238
35 243
36 246
37 249
38 253
40 264
42 270
43 275
44 282
45 287
46 293
48 312
49 317
50 324
51 327
52 329
53 335
54 339
55 342
56 344
57 349
58 353
59 356
60 362
61 366
62 368
63 370
64 373
65 374
68 385
69 387
70 389
71 391
72 394
73 396
74 398
75 401
78 407
79 409
80 411
81 414
82 416
83 418
84 420
88 429
89 431
90 433
93 441
94 444
96 449
97 451
99 459
100 464
101 467
102 468
103 471
104 473
105 478
106 482
107 485
108 487
109 489
110 492
112 497
113 499
114 501
115 505
117 509
118 512
119 514
120 516
121 519
122 524
123 526
124 529
125 532
127 538
128 541
129 543
130 546
131 549
133 555
134 558
135 561
136 563
137 565
139 571
140 574
141 577
142 579
143 582
145 588
146 591
147 594
148 597
150 606
151 609
152 611
153 614
154 618
155 623
156 625
157 628
158 631
159 634
160 639
161 644
162 647
163 649
166 661
167 664
168 667
170 677
171 679
172 682
174 688
175 691
176 695
177 704
179 723
180 729
184 748
185 751
187 769
188 778
189 795
190 801
191 810
193 816
194 819
195 823
197 832
199 839
200 847
201 851
202 857
203 860
204 864
207 872
208 875
209 877
210 879
211 882
212 885
213 888
214 891
216 897
218 904
219 907
220 911
221 913
222 917
223 920
224 923
225 927
226 929
228 938
229 944
230 949
231 953
232 955
233 961
234 963
235 968
236 971
237 980
238 986
241 1000
242 1004
243 1007
244 1012
247 1019
248 1022
249 1025
250 1027
252 1034
254 1041
255 1044
256 1047
257 1050
260 1057
261 1061
262 1063
263 1067
264 1070
266 1076
268 1081
269 1083
270 1086
271 1088
272 1091
273 1093
274 1097
276 1101
278 1107
279 1110
281 1117
282 1120
283 1123
284 1125
285 1127
287 1133
289 1139
290 1142
291 1145
292 1150
295 1197
297 1236
298 1240
299 1247
300 1253
301 1257
302 1264
303 1274
304 1279
305 1289
306 1300
307 1313
308 1324
310 1347
311 1372
312 1384
316 1445
317 1458
318 1470
321 1538
324 1569
325 1589
326 1597
327 1627
328 1639
329 1656
332 1673
334 1683
336 1689
337 1695
339 1701
340 1704
341 1707
342 1710
343 1718
344 1721
345 1724
346 1731
347 1737
348 1743
350 1780
351 1783
352 1788
354 1794
355 1797
357 1806
358 1809
359 1812
360 1815
361 1822
362 1828
363 1850
364 1853
365 1867
366 1877
367 1880
368 1893
369 1900
370 1905
371 1916
372 1918
373 1932
374 1938
375 1943
376 1946
377 1951
378 1954
379 1957
380 1960
381 1966
382 1969
383 1972
384 1978
385 1981
386 1983
387 1989
388 1993
389 1996
390 1999
391 2002
392 2009
393 2016
394 2019
396 2027
397 2030
398 2034
401 2046
402 2050
404 2056
405 2059
406 2063
407 2065
409 2072
410 2075
411 2079
412 2081
414 2088
415 2091
416 2095
417 2098
418 2102
419 2106
420 2110
421 2113
422 2118
423 2122
424 2125
425 2129
426 2132
427 2136
428 2139
430 2149
431 2153
432 2156
433 2159
434 2164
435 2167
436 2172
437 2176
438 2179
439 2184
440 2188
441 2192
443 2201
446 2212
447 2216
448 2220
449 2224
450 2228
451 2232
452 2235
453 2239
454 2243
456 2251
458 2258
459 2261
460 2265
461 2269
462 2273
464 2281
465 2285
466 2289
468 2296
469 2300
470 2303
471 2307
472 2311
473 2314
474 2317
475 2321
476 2325
477 2329
478 2334
479 2338
480 2343
481 2346
482 2351
483 2356
484 2359
486 2366
487 2371
488 2375
489 2379
490 2383
491 2386
492 2391
494 2399
495 2402
496 2405
497 2409
500 2419
501 2425
502 2428
503 2432
504 2438
505 2441
506 2444
507 2447
508 2451
509 2455
510 2459
511 2463
513 2471
514 2475
517 2488
518 2491
519 2495
520 2499
521 2503
522 2508
523 2511
525 2519
526 2521
527 2524
528 2527
529 2530
530 2533
531 2535
532 2539
533 2541
535 2547
536 2553
537 2556
538 2563
539 2568
540 2571
541 2576
542 2581
544 2589
545 2594
546 2606
547 2624
548 2632
550 2644
551 2647
552 2652
553 2655
554 2659
555 2664
556 2669
557 2675
558 2683
559 2711
560 2733
562 2769
563 2785
564 2803
565 2821
566 2836
567 2850
568 2862
569 2881
570 2893
571 2906
572 2916
574 2937
575 2951
576 2963
578 2975
579 2979
582 2987
583 2993
584 2997
585 3003
586 3010
587 3016
588 3021
589 3023
590 3027
591 3029
592 3031
594 3035
595 3039
596 3042
597 3045
599 3050
600 3053
601 3055
602 3058
603 3060
605 3065
607 3077
608 3082
610 3094
611 3103
612 3108
613 3110
614 3115
615 3117
616 3119
617 3121
618 3129
619 3133
620 3137
621 3145
622 3148
623 3155
624 3162
625 3167
626 3169
627 3172
629 3178
630 3181
631 3184
632 3187
633 3190
634 3196
635 3200
636 3203
638 3212
639 3218
640 3222
641 3227
642 3230
643 3236
645 3241
647 3248
649 3253
650 3256
651 3261
652 3264
654 3270
656 3279
657 3286
658 3289
659 3292
660 3295
661 3298
663 3305
664 3308
667 3322
668 3328
670 3340
671 3349
673 3358
674 3363
675 3370
676 3373
677 3384
678 5773
679 5777
680 5781
681 5787
682 5796
684 5807
685 5810
686 5814
688 5825
690 5836
691 5841
692 5844
693 5847
694 5855
695 5859
696 5861
697 5866
699 5871
700 5879
701 5882
702 5885
703 5893
704 5896
705 5899
706 5908
707 5912
708 5916
709 5924
710 5928
711 5931
712 5939
713 5942
714 5951
716 5969
717 5976
718 5979
719 5983
720 5986
721 5990
723 6037
725 6052
726 6057
727 6060
728 6061
730 6069
731 6072
733 6080
734 6086
735 6093
738 6121
739 6131
740 6145
741 6153
742 6159
743 6165
744 6170
745 6175
746 6177
747 6199
748 6216
749 6236
751 6266
754 6277
755 6279
756 6282
757 6283
758 6287
759 6293
760 6297
761 6299
762 6302
763 6305
764 6309
765 6314
769 6327
770 6329
771 6331
772 6334
773 6336
774 6338
777 6349
778 6351
779 6355
782 6365
783 6367
784 6378
785 6380
786 6385
787 6390
789 6401
790 6404
791 6408
794 6415
795 6419
796 6421
797 6423
798 6426
800 6431
801 6433
802 6435
803 6439
804 6444
805 6446
806 6451
807 6459
808 6473
810 6505
812 6517
813 6521
814 6524
815 6525
817 6531
818 6535
820 6539
821 6541
822 6543
823 6544
824 6548
825 6553
827 6558
828 6561
830 6567
831 6572
832 6577
833 6586
834 6605
835 6619
836 6633
837 6637
838 6646
839 6651
840 6654
841 6657
842 6661
843 6666
844 6669
845 6674
846 6677
847 6686
848 6692
849 6695
850 6698
851 6700
852 6702
853 6704
854 6706
855 6709
856 6711
858 6715
859 6717
860 6719
861 6721
863 6725
864 6727
865 6729
866 6731
867 6734
868 6736
869 6740
871 6925
872 6963
873 7037
874 7046
875 7054
876 7071
877 7079
878 7088
879 7101
880 7127
881 7164
882 7186
883 7194
884 7200
885 7246
886 7259
888 7281
890 7307
891 7316
892 7323
893 7338
894 7346
895 7349
896 7357
898 7379
900 7408
901 7419
902 7423
903 7427
905 7442
906 7449
907 7460
908 7470
909 7477
912 7524
913 7535
914 7548
916 7569
917 7581
918 7589
919 7597
920 7605
921 7610
922 7614
923 7621
924 7630
926 7647
927 7656
928 7665
932 7686
933 7694
934 7699
935 7703
936 7708
937 7712
938 7717
940 7725
941 7729
942 7734
943 7739
944 7744
945 7748
946 7753
947 7758
948 7763
949 7768
950 7773
952 7783
953 7788
955 7797
957 7807
958 7811
959 7817
960 7822
961 7827
962 7833
964 7843
965 7847
966 7852
968 7866
970 7875
971 7879
972 7884
974 7898
975 7902
976 7907
977 7912
979 7921
980 7927
981 7931
982 7937
983 7941
984 7946
985 7951
986 7956
987 7962
988 7968
990 7978
991 7983
992 7988
993 7993
994 7997
996 8008
997 8013
999 8022
1000 8027
1001 8032
1002 8037
1003 8041
1004 8047
1005 8053
1006 8058
1007 8062
1008 8067
1009 8071
1010 8077
1011 8081
1012 8086
1013 8092
1014 8099
1016 8110
1018 8123
1019 8127
1020 8134
1021 8140
1022 8145
1023 8151
1024 8156
1025 8161
1026 8165
1027 8170
1028 8176
1029 8181
1030 8186
1031 8191
1032 8195
1033 8201
1034 8206
1035 8211
1036 8216
1037 8221
1038 8226
1039 8231
1040 8235
1041 8240
1043 8249
1044 8254
1046 8262
1048 8270
1049 8274
1050 8277
1051 8281
1052 8285
1053 8291
1054 8294
1055 8297
1056 8304
1057 8308
1058 8315
1059 8318
1060 8321
1062 8327
1064 8333
1066 8339
1067 8342
1068 8345
1070 8351
1071 8354
1072 8357
1073 8361
1074 8364
1075 8370
1076 8374
1077 8381
1078 8383
1079 8387
1080 8391
1081 8394
1082 8397
1083 8465
1084 8471
1085 8506
1086 8509
1087 8536
1088 8556
1089 8560
1090 8564
1091 8571
1092 8578
1094 8587
1095 8591
1096 8595
1097 8599
1099 8607
1100 8611
1101 8619
1102 8624
1103 8627
1104 8631
1105 8637
1106 8665
1107 8680
1108 8685
1110 8704
1111 8709
1112 8717
1114 8725
1115 8730
1117 8739
1118 8744
1119 8748
1120 8752
1121 8757
1122 8761
1123 8765
1124 8771
1126 8779
1127 8783
1128 8788
1129 8791
1130 8795
1131 8803
1132 8807
1133 8815
1134 8824
1135 8851
1136 8863
1137 8878
1139 8887
1140 8890
