155.296100 0.0178068 -0.1860579 -0.0079047 -0.0002002 0.0001615 0.0008558 0.9999996
155.503300 0.0051911 2.3927169 -0.0399983 0.0000669 -0.0005609 0.0014983 0.9999987
155.606800 0.0002975 3.6834660 -0.0593135 -0.0001259 -0.0008563 0.0018525 0.9999979
155.814200 -0.0141325 6.2566857 -0.0937380 0.0003907 -0.0017012 0.0007534 0.9999982
156.021400 -0.0309700 8.8304920 -0.1217918 -0.0037896 -0.0022308 -0.0000603 0.9999903
156.332200 -0.0669752 12.6641083 -0.1449127 -0.0046742 -0.0033848 0.0010133 0.9999828
156.539600 -0.0919421 15.1988888 -0.1581759 -0.0049242 -0.0043203 0.0013219 0.9999776
156.850500 -0.1360510 18.9680710 -0.1739217 -0.0061917 -0.0050328 0.0036450 0.9999615
157.161400 -0.1905272 22.6391697 -0.1932213 -0.0032112 -0.0046453 0.0030082 0.9999795
157.472400 -0.2378686 26.1825428 -0.2304832 -0.0030884 -0.0035401 0.0010828 0.9999884
157.783300 -0.2643175 29.5682259 -0.2782598 -0.0029349 -0.0020321 0.0007359 0.9999933
158.094200 -0.2839949 32.7940903 -0.3202947 -0.0018193 -0.0002321 0.0004090 0.9999982
158.405300 -0.2837661 35.8526917 -0.3666826 -0.0016505 0.0014519 0.0019353 0.9999957
158.612700 -0.2759354 37.7776680 -0.3947037 -0.0022414 0.0025614 0.0021104 0.9999920
158.820000 -0.2714605 39.5921936 -0.4240103 -0.0029941 0.0037541 0.0015193 0.9999873
159.027200 -0.2621944 41.3042564 -0.4465784 -0.0040277 0.0049507 0.0008862 0.9999793
159.234600 -0.2493158 42.9375381 -0.4656487 -0.0056104 0.0057028 0.0018463 0.9999663
159.441800 -0.2337458 44.4706688 -0.4773092 -0.0062344 0.0033210 0.0045540 0.9999647
159.649000 -0.2433792 45.9023056 -0.4889384 -0.0064662 -0.0065642 0.0087090 0.9999196
159.959400 -0.3679266 47.8765564 -0.5023918 -0.0076855 -0.0380202 0.0114036 0.9991823
160.373200 -0.8200817 50.1891441 -0.5135957 -0.0070895 -0.1082881 0.0091462 0.9940522
160.787100 -1.6510048 52.2013855 -0.5160571 -0.0085574 -0.1982643 -0.0041986 0.9801022
161.201400 -2.8161640 53.9144516 -0.4822878 -0.0129256 -0.3032942 -0.0188047 0.9526237
161.719800 -4.7580051 55.5878830 -0.4050868 -0.0167261 -0.4412601 -0.0193022 0.8970158
162.134100 -6.5657673 56.4285698 -0.3215166 -0.0183065 -0.5440272 -0.0219744 0.8385800
162.652700 -9.0120935 56.9432678 -0.2101957 -0.0143366 -0.6357738 -0.0225942 0.7714115
163.068400 -11.0724373 57.1658134 -0.1392119 -0.0089364 -0.6691687 -0.0162986 0.7428780
163.380100 -12.7472048 57.2986183 -0.0851303 -0.0138239 -0.6790913 -0.0156404 0.7337570
163.691800 -14.5243254 57.4164352 -0.0265057 -0.0154511 -0.6813446 -0.0157597 0.7316299
164.003200 -16.4198246 57.5598221 0.0417230 -0.0180472 -0.6815735 -0.0114960 0.7314368
164.210700 -17.7599430 57.6562424 0.0900772 -0.0192770 -0.6815027 -0.0106084 0.7314847
164.418000 -19.1607189 57.7580147 0.1437603 -0.0221317 -0.6820232 -0.0076166 0.7309560
164.729000 -21.3777981 57.8999023 0.2258878 -0.0260133 -0.6867468 -0.0032530 0.7264238
165.039800 -23.7392197 57.9912949 0.3141414 -0.0295184 -0.6967694 -0.0015417 0.7166860
165.350800 -26.2497673 57.9721107 0.4173684 -0.0274131 -0.7083578 -0.0037070 0.7053113
165.661600 -28.8308296 57.8765106 0.4982051 -0.0191401 -0.7178684 -0.0051897 0.6958962
165.972900 -31.4433002 57.7430801 0.5633671 -0.0161118 -0.7185028 -0.0124485 0.6952260
166.387900 -34.8931694 57.6592598 0.6537649 -0.0107816 -0.7085160 -0.0171521 0.7054039
166.698800 -37.4454575 57.7057533 0.7248408 -0.0114716 -0.6961889 -0.0205404 0.7174730
167.009900 -39.9950409 57.8419724 0.8015592 -0.0111738 -0.6831071 -0.0184319 0.7300001
167.320700 -42.5093536 58.0738716 0.8780226 -0.0131110 -0.6707098 -0.0174690 0.7413982
167.528000 -44.1805801 58.2649345 0.9314748 -0.0133283 -0.6657994 -0.0156727 0.7458471
167.838800 -46.7052307 58.5838089 1.0096774 -0.0114807 -0.6635283 -0.0121787 0.7479640
168.149600 -49.3176117 58.8811646 1.0816472 -0.0126725 -0.6653981 -0.0124630 0.7462771
168.460400 -52.0044365 59.1578865 1.1570469 -0.0142792 -0.6676585 -0.0150194 0.7441792
168.564100 -52.9007950 59.2414246 1.1859938 -0.0134530 -0.6677049 -0.0158721 0.7441352
168.771500 -54.6667252 59.4253387 1.2296002 -0.0098091 -0.6657475 -0.0192319 0.7458647
169.082700 -57.3429489 59.7506104 1.2969294 -0.0029035 -0.6546611 -0.0233901 0.7555550
169.290200 -59.1038628 60.0342636 1.3364620 0.0013555 -0.6414376 -0.0237297 0.7668069
169.497600 -60.8425407 60.4074249 1.3701162 -0.0027411 -0.6254300 -0.0247169 0.7798839
169.808700 -63.3757095 61.1054039 1.4235049 -0.0051995 -0.6001898 -0.0208471 0.7995690
170.119600 -65.8319016 61.9504433 1.4748694 -0.0091430 -0.5770364 -0.0167662 0.8164951
170.430300 -68.2756805 62.9077263 1.5490177 -0.0154585 -0.5606600 -0.0179504 0.8277072
170.740900 -70.7320633 63.9149628 1.6494071 -0.0185307 -0.5543237 -0.0197983 0.8318592
171.155100 -74.0151825 65.2762375 1.7573844 -0.0110507 -0.5545074 -0.0131890 0.8320009
171.466100 -76.5406876 66.3526154 1.8339682 -0.0166023 -0.5486421 -0.0164272 0.8357310
171.673500 -78.2327576 67.1098251 1.8940210 -0.0139420 -0.5399230 -0.0158727 0.8414493
171.880900 -79.9158173 67.9312439 1.9528430 -0.0126667 -0.5271786 -0.0144205 0.8495377
172.088100 -81.5979233 68.8095398 1.9980181 -0.0067735 -0.5152306 -0.0096283 0.8569707
172.398800 -84.1394348 70.2224579 2.0407212 -0.0094058 -0.5042160 -0.0098717 0.8634700
172.709500 -86.7152634 71.6837234 2.0968313 -0.0110262 -0.5021968 -0.0089636 0.8646365
172.916700 -88.4356155 72.6513901 2.1341882 -0.0106884 -0.5012180 -0.0105440 0.8651907
173.123800 -90.1380768 73.6215668 2.1637955 -0.0092162 -0.4998750 -0.0138449 0.8659378
173.434900 -92.6636658 75.0862885 2.2116694 -0.0066428 -0.4902222 -0.0207944 0.8713241
173.849800 -95.8821259 77.1679230 2.2798190 -0.0076112 -0.4676346 -0.0241431 0.8835593
174.264500 -98.9307098 79.3998032 2.3462911 -0.0039450 -0.4406505 -0.0241595 0.8973449
174.471700 -100.3963318 80.5770035 2.3725474 -0.0049543 -0.4270099 -0.0247715 0.9038940
174.782600 -102.4866791 82.4031296 2.4128723 -0.0059517 -0.4099254 -0.0217359 0.9118406
174.989800 -103.8268356 83.6348572 2.4363480 -0.0078486 -0.4040777 -0.0184764 0.9145043
175.196900 -105.1473160 84.8485794 2.4646711 -0.0086305 -0.4021426 -0.0160868 0.9153950
175.404000 -106.4269257 86.0162354 2.4875460 -0.0100931 -0.4037969 -0.0135033 0.9146933
175.611100 -107.6569214 87.1158905 2.5084734 -0.0113591 -0.4085876 -0.0119717 0.9125699
175.818300 -108.8318176 88.1323318 2.5300350 -0.0121081 -0.4146447 -0.0112493 0.9098333
176.025700 -109.9563904 89.0751266 2.5470626 -0.0124797 -0.4199320 -0.0123293 0.9073860
176.233100 -111.0211029 89.9548340 2.5681329 -0.0117527 -0.4231606 -0.0119653 0.9058995
176.647800 -113.0929413 91.7139130 2.5912650 -0.0068445 -0.4188977 -0.0061379 0.9079869
177.062500 -115.1146011 93.4773178 2.6232312 -0.0152350 -0.4084345 -0.0132623 0.9125641
177.477100 -117.1091843 95.2753754 2.6906350 -0.0068244 -0.4025548 -0.0134892 0.9152710
177.995100 -119.7405701 97.6725235 2.7498074 -0.0125926 -0.4041059 -0.0165534 0.9144757
178.305900 -121.4282913 99.1322098 2.8087687 -0.0124062 -0.4152935 -0.0178550 0.9094276
178.616800 -123.2189484 100.5717926 2.8825266 -0.0098136 -0.4257393 -0.0252379 0.9044406
178.927900 -125.1104431 102.0302582 2.9452815 0.0043343 -0.4305972 -0.0340677 0.9018906
179.135300 -126.4017563 103.0619965 2.9769430 0.0023255 -0.4326337 -0.0341188 0.9009209
179.446400 -128.4310760 104.6594543 3.0292525 0.0012991 -0.4335611 -0.0337899 0.9004894
179.653700 -129.8103943 105.7617340 3.0598876 0.0020179 -0.4316379 -0.0336861 0.9014155
179.861100 -131.2153168 106.9086151 3.0996878 -0.0015683 -0.4302181 -0.0332270 0.9021119
180.379200 -134.9280701 109.9044418 3.2231529 -0.0022937 -0.4259213 -0.0398402 0.9038797
180.793500 -137.9188538 112.3492889 3.3368165 -0.0009620 -0.4247374 -0.0456475 0.9041646
181.104300 -140.1715698 114.1730728 3.4158790 -0.0002206 -0.4273633 -0.0455000 0.9029343
181.415100 -142.4107513 115.9885178 3.4981925 -0.0029474 -0.4332436 -0.0356449 0.9005669
181.622400 -143.9115448 117.1906052 3.5389507 -0.0040876 -0.4351699 -0.0325059 0.8997521
181.933500 -146.1539307 118.9575119 3.6198344 -0.0069304 -0.4335526 -0.0388545 0.9002635
182.244500 -148.4170990 120.7302933 3.7184081 -0.0040455 -0.4302931 -0.0449567 0.9015600
182.555500 -150.6190796 122.5031738 3.7994423 0.0043384 -0.4274864 -0.0409562 0.9030831
182.866500 -152.8034363 124.2876663 3.8651886 -0.0025192 -0.4261077 -0.0414610 0.9037184
183.073800 -154.2316437 125.4505615 3.9084954 -0.0001495 -0.4268010 -0.0394185 0.9034861
183.384600 -156.3282928 127.1470642 3.9567511 0.0015194 -0.4273527 -0.0417697 0.9031183
183.799300 -158.9599609 129.2996674 4.0214162 0.0064404 -0.4242006 -0.0351964 0.9048611
184.214100 -161.3715515 131.3541412 4.0628524 -0.0073454 -0.4146144 -0.0374405 0.9091970
184.732400 -163.8925171 133.6016388 4.1005855 -0.0012068 -0.4109304 -0.0251086 0.9113201
185.352800 -166.6948853 135.7551727 4.1482353 -0.0139960 -0.4783810 -0.0069237 0.8780136
186.077300 -170.3487244 137.1130371 4.2247186 -0.0089123 -0.6055495 -0.0062609 0.7957331
186.492100 -172.6900940 137.4163055 4.2817755 -0.0121164 -0.6605283 -0.0174967 0.7504994
186.907600 -175.1554565 137.5216980 4.3699570 -0.0036313 -0.6841961 -0.0300543 0.7286695
187.219300 -177.0844574 137.6100616 4.4503717 0.0000794 -0.6855771 -0.0318064 0.7273049
187.842100 -181.1159973 137.9113007 4.5773396 0.0074535 -0.6738453 -0.0262281 0.7383692
188.360400 -184.6676788 138.2853088 4.6642609 0.0072376 -0.6618963 -0.0354411 0.7487222
188.567800 -186.1073303 138.4852448 4.7030249 0.0049829 -0.6600517 -0.0296429 0.7506185
188.775000 -187.5826721 138.6698761 4.7426643 0.0048985 -0.6593369 -0.0321101 0.7511457
188.982200 -189.0805054 138.8503723 4.7815690 0.0039939 -0.6608263 -0.0343447 0.7497420
189.189600 -190.5977631 139.0354309 4.8278141 0.0030015 -0.6612381 -0.0339064 0.7494034
189.293400 -191.3577118 139.1196136 4.8526430 0.0033902 -0.6612421 -0.0363834 0.7492821
189.500600 -192.8827972 139.2893982 4.9052172 0.0024199 -0.6622155 -0.0393333 0.7482765
189.708000 -194.4098969 139.4809265 4.9552584 0.0025977 -0.6628362 -0.0346159 0.7479594
189.915400 -195.9431610 139.6509399 5.0123281 0.0070704 -0.6624956 -0.0353514 0.7481977
190.122800 -197.5020905 139.8407135 5.0616484 0.0037553 -0.6615375 -0.0355535 0.7490594
190.330300 -199.0572662 140.0273895 5.1086650 0.0081398 -0.6604585 -0.0353790 0.7499844
190.641300 -201.4438782 140.3294983 5.1611390 0.0105962 -0.6571508 -0.0335833 0.7529361
191.159800 -205.5416260 140.9058838 5.2555823 0.0021933 -0.6555818 -0.0321325 0.7544370
191.574300 -208.8735657 141.3691864 5.3411641 -0.0014540 -0.6570026 -0.0262664 0.7534291
191.781600 -210.5424500 141.5664368 5.3937325 0.0003814 -0.6591540 -0.0307610 0.7513785
191.989000 -212.2132416 141.7799072 5.4250612 0.0004813 -0.6610030 -0.0270712 0.7498946
192.299800 -214.7339783 142.0629425 5.4900951 0.0035081 -0.6624942 -0.0302329 0.7484484
192.610800 -217.2574158 142.3618469 5.5506372 0.0032254 -0.6609536 -0.0326937 0.7497073
192.921800 -219.7869568 142.6759033 5.6221108 0.0052725 -0.6598896 -0.0352087 0.7505186
193.336300 -223.2021027 143.1215820 5.7344027 0.0022690 -0.6599794 -0.0305903 0.7506572
193.751100 -226.6983948 143.5727081 5.8377438 -0.0030938 -0.6611578 -0.0290095 0.7496794
194.062000 -229.3522644 143.8725891 5.9262562 0.0015024 -0.6610601 -0.0341308 0.7495548
194.476500 -232.9129333 144.3281403 6.0433946 -0.0012793 -0.6583405 -0.0338858 0.7519561
194.891300 -236.5005341 144.7938995 6.1565318 0.0002263 -0.6561426 -0.0311709 0.7539929
195.202600 -239.1788635 145.1273651 6.2470560 0.0015532 -0.6539187 -0.0389531 0.7555597
195.409900 -240.9457092 145.3729248 6.3019099 0.0066952 -0.6541051 -0.0354929 0.7555408
195.617300 -242.7031250 145.6343079 6.3445845 0.0047011 -0.6547135 -0.0317894 0.7551937
195.721000 -243.5870361 145.7585754 6.3645902 0.0024114 -0.6552856 -0.0324053 0.7546819
196.032100 -246.1832581 146.0972900 6.4278445 0.0067098 -0.6581036 -0.0294452 0.7523214
196.343400 -248.7709198 146.4290924 6.4830542 0.0015023 -0.6602425 -0.0325060 0.7503472
196.758400 -252.1655121 146.8296814 6.5660939 0.0028176 -0.6624637 -0.0324317 0.7483863
197.173100 -255.4506226 147.2006531 6.6503525 0.0008388 -0.6655693 -0.0295699 0.7457495
197.484100 -257.8127441 147.4438934 6.7138486 -0.0024858 -0.6665555 -0.0337592 0.7446864
197.795200 -260.0353394 147.6730957 6.7744217 0.0001820 -0.6659800 -0.0328956 0.7452439
198.106200 -262.1419373 147.9120636 6.8262300 0.0016081 -0.6637993 -0.0299225 0.7473102
198.416900 -264.1455688 148.1765289 6.8644695 0.0021868 -0.6564494 -0.0296793 0.7537829
198.624100 -265.4134521 148.3807373 6.8921852 0.0022149 -0.6483620 -0.0287331 0.7607866
198.831300 -266.6406250 148.6180878 6.9191823 -0.0027433 -0.6388740 -0.0278866 0.7688009
199.038600 -267.8128967 148.8818207 6.9513741 -0.0087317 -0.6294733 -0.0279603 0.7764698
199.349400 -269.4143982 149.2919769 6.9915028 -0.0123694 -0.6168468 -0.0231396 0.7866458
199.867400 -271.6856995 149.9545898 7.0627804 -0.0152294 -0.6008486 -0.0166123 0.7990451
200.695800 -274.2344971 150.6090240 7.1216164 -0.0128206 -0.6227270 -0.0122148 0.7822388
201.627300 -276.4577637 150.5706024 7.1844144 -0.0158690 -0.7276361 -0.0211711 0.6854529
202.351900 -278.1851196 149.8118591 7.2675481 -0.0201870 -0.8438414 -0.0117098 0.5360849
202.973100 -279.6088562 148.2819824 7.3477750 0.0151382 0.9319772 0.0120655 -0.3619997
203.284200 -280.2035217 147.2101135 7.3772912 0.0100912 0.9603657 0.0177874 -0.2779920
203.699500 -280.8663330 145.4555969 7.4420967 -0.0011679 0.9810423 0.0148759 -0.1932187
204.115000 -281.5055237 143.3070831 7.5037203 0.0022249 0.9898275 0.0128973 -0.1416697
204.426200 -281.8956604 141.4603729 7.5570335 0.0038283 0.9945189 0.0128549 -0.1036933
204.737600 -282.1843872 139.4297638 7.6000733 -0.0021391 0.9970110 0.0028249 -0.0771782
205.048900 -282.4582520 137.1857758 7.6259832 0.0022249 0.9982243 0.0146328 -0.0577002
205.360200 -282.6585083 134.7882690 7.6796436 -0.0023984 0.9987376 0.0097501 -0.0492173
205.671500 -282.8944397 132.2388153 7.7211781 -0.0032884 0.9988102 0.0095004 -0.0477200
205.982600 -283.1529541 129.5148163 7.7637596 -0.0022448 0.9986271 0.0097872 -0.0514100
206.189800 -283.3589783 127.6568756 7.7932005 0.0020121 0.9984151 0.0149507 -0.0542197
206.397000 -283.5688171 125.7825089 7.8355026 0.0047256 0.9982796 0.0126306 -0.0570602
206.604400 -283.7933044 123.8942261 7.8566751 0.0058691 0.9981628 0.0060800 -0.0599970
206.811700 -284.0289917 121.9649658 7.8773689 0.0074425 0.9980305 0.0099669 -0.0614843
207.226200 -284.5200500 118.0441666 7.9379644 0.0103058 0.9979736 0.0102218 -0.0619510
207.640800 -284.9790344 114.0576324 7.9869738 0.0062653 0.9979995 0.0135593 -0.0614316
207.951600 -285.3109436 111.0221252 8.0459080 -0.0002111 0.9980254 0.0177039 -0.0602649
208.159100 -285.5326233 109.0040741 8.0934353 -0.0014928 0.9980461 0.0197756 -0.0592511
208.366300 -285.7586060 107.0056458 8.1525736 -0.0003564 0.9981640 0.0172689 -0.0580539
208.573600 -285.9771118 105.0118866 8.1907225 -0.0011253 0.9982306 0.0109838 -0.0584276
208.780900 -286.2158508 103.0154419 8.2238712 0.0025526 0.9981461 0.0129124 -0.0594235
208.988300 -286.4484253 101.0104523 8.2530861 -0.0000892 0.9980143 0.0148507 -0.0612113
209.299100 -286.7949829 98.0053711 8.3046961 -0.0072640 0.9977131 0.0156436 -0.0653529
209.610000 -287.1958923 95.0009079 8.3733997 -0.0028903 0.9975395 0.0184836 -0.0675642
209.920800 -287.6038818 91.9782715 8.4402695 0.0017004 0.9977821 0.0173767 -0.0642340
210.231500 -287.9414978 88.9756927 8.5055752 -0.0030212 0.9980956 0.0126843 -0.0602929
210.438900 -288.1609802 86.9734421 8.5325375 -0.0037580 0.9982587 0.0087964 -0.0582068
210.646200 -288.3757629 84.9578400 8.5462923 -0.0050609 0.9982666 0.0147748 -0.0567444
210.853500 -288.5794983 82.9413376 8.5833979 -0.0069221 0.9983031 0.0124563 -0.0564618
211.060800 -288.7975769 80.9459076 8.6034107 -0.0082661 0.9982275 0.0111029 -0.0578810
211.268200 -289.0317688 78.9515076 8.6253309 -0.0059919 0.9981244 0.0146624 -0.0591331
211.682800 -289.5113220 74.9746552 8.6724882 -0.0016241 0.9980314 0.0112167 -0.0616834
211.993800 -289.8822021 71.9835129 8.7219906 -0.0002891 0.9978802 0.0147210 -0.0633907
212.304700 -290.2527771 69.0214310 8.7541580 -0.0006061 0.9977397 0.0070513 -0.0668241
212.512100 -290.5252686 66.9981613 8.7735338 0.0007537 0.9973997 0.0168942 -0.0700558
212.823100 -290.9604492 64.0093613 8.8262863 0.0020853 0.9970485 0.0114945 -0.0758803
213.134000 -291.4379578 61.0192108 8.8666334 0.0029908 0.9963214 0.0131724 -0.0846234
213.548700 -292.1828918 57.0896683 8.9380312 0.0111997 0.9951899 0.0157243 -0.0960438
213.859700 -292.7505493 54.2039680 8.9951620 0.0069780 0.9946627 0.0143324 -0.1019412
214.170700 -293.3277588 51.3605003 9.0415564 0.0057698 0.9944228 0.0137278 -0.1044104
214.585100 -294.1243896 47.6110306 9.1032858 0.0159950 0.9947687 0.0153080 -0.0997247
214.896100 -294.6602173 44.8242607 9.1526966 0.0162034 0.9953708 0.0110968 -0.0940808
215.103600 -295.0075378 42.9888687 9.1792450 0.0190245 0.9955477 0.0097941 -0.0917985
215.414700 -295.5466919 40.2843552 9.2214746 0.0323088 0.9952430 0.0193962 -0.0898405
215.621900 -295.8690491 38.5254593 9.2646360 0.0336190 0.9952044 0.0158904 -0.0904731
215.829200 -296.1806946 36.8164597 9.3099470 0.0327669 0.9950796 0.0118022 -0.0927556
216.140300 -296.6582947 34.3198853 9.3584671 0.0326691 0.9943475 0.0177652 -0.0994492
216.451300 -297.1731262 31.9791374 9.4144363 0.0346341 0.9931294 0.0147340 -0.1108029
216.866100 -297.8908386 29.0947990 9.4763336 0.0299917 0.9909283 0.0163387 -0.1299796
217.073300 -298.2489929 27.8215256 9.4946737 0.0254499 0.9898728 0.0096108 -0.1393262
217.384100 -298.7802124 26.0237465 9.5342207 0.0229228 0.9883567 0.0173160 -0.1494178
217.798600 -299.4760132 23.8727570 9.5815210 0.0290886 0.9877642 0.0161819 -0.1523610
218.212900 -300.1106567 21.7842178 9.6389561 0.0371184 0.9899388 0.0123945 -0.1359772
218.730100 -300.5749817 19.1490822 9.6806231 0.0370866 0.9966950 0.0120687 -0.0712590
219.143400 -300.5592957 17.0164032 9.7003145 0.0373013 0.9991214 0.0069564 0.0177982
219.660100 -299.8815613 14.4011307 9.6963100 0.0334256 0.9867905 0.0085768 0.1582835
220.073900 -298.7236328 12.4340820 9.6785049 0.0291670 0.9600667 0.0116244 0.2780037
220.488200 -297.0478821 10.7071991 9.6735601 0.0226423 0.9201662 0.0122498 0.3906807
220.903300 -294.9780273 9.3101654 9.6237812 0.0225430 0.8794559 -0.0025788 0.4754392
221.215300 -293.1295166 8.3061371 9.5701981 0.0126207 0.8631999 -0.0018436 0.5047011
221.423400 -291.8200378 7.6172791 9.5251541 0.0078090 0.8595992 -0.0010596 0.5109081
221.735500 -289.8220520 6.5560150 9.4889946 0.0059715 0.8598688 -0.0043629 0.5104614
222.047300 -287.7267456 5.4286346 9.4353256 0.0031052 0.8622162 -0.0086913 0.5064564
222.358800 -285.5572510 4.2225571 9.3628941 0.0017942 0.8650135 -0.0129126 0.5015792
222.773500 -282.5024414 2.4576187 9.2632465 0.0015713 0.8681418 -0.0110405 0.4961909
223.188000 -279.2768250 0.5624771 9.1628017 0.0007511 0.8690292 -0.0077540 0.4946995
223.602700 -276.0130005 -1.3771286 9.0752382 0.0044132 0.8723494 -0.0135724 0.4886746
224.018700 -272.7326660 -3.4458542 8.9404936 0.0004213 0.8797274 -0.0081491 0.4754084
224.432300 -269.5623779 -5.6376343 8.8211355 0.0050391 0.8894293 -0.0075405 0.4569828
224.743200 -267.2593079 -7.3677902 8.7397442 0.0090304 0.8954319 -0.0011240 0.4451055
225.053800 -264.9959106 -9.1436005 8.6739321 0.0191711 0.8972119 0.0020870 0.4411790
225.364500 -262.6665649 -10.9196167 8.6214361 0.0221817 0.8943868 0.0068382 0.4466917
225.571600 -261.0832214 -12.0874710 8.5794230 0.0234463 0.8910946 0.0078685 0.4531431
225.882500 -258.6566772 -13.7819366 8.5147057 0.0283575 0.8853703 0.0041790 0.4640020
226.193500 -256.1799316 -15.4528580 8.4242554 0.0315756 0.8794876 0.0124300 0.4747105
226.504500 -253.6665039 -17.0571136 8.3643179 0.0358163 0.8737083 0.0152702 0.4848895
226.711800 -251.9812164 -18.0926132 8.3158293 0.0409076 0.8698557 0.0144084 0.4913960
226.919100 -250.2927551 -19.0988617 8.2604160 0.0420297 0.8669282 0.0159061 0.4964030
227.126500 -248.5629272 -20.0834198 8.2112112 0.0384349 0.8647401 0.0178215 0.5004295
227.333800 -246.8634338 -21.0497437 8.1708212 0.0369621 0.8637918 0.0183352 0.5021566
227.645000 -244.3205109 -22.4932098 8.1024094 0.0381991 0.8638849 0.0116041 0.5021047
227.956000 -241.8050842 -23.9370041 8.0010090 0.0377192 0.8655173 0.0076520 0.4993982
228.267000 -239.2964172 -25.3934937 7.8900089 0.0330921 0.8679097 0.0083481 0.4955481
228.578000 -236.8503113 -26.8498459 7.8135715 0.0335580 0.8682092 0.0131475 0.4948875
228.992600 -233.6684570 -28.7027435 7.7033939 0.0328274 0.8674372 0.0080040 0.4963981
229.303600 -231.3500824 -30.0595627 7.6310477 0.0331833 0.8661068 0.0150358 0.4985296
229.614500 -229.1417694 -31.3271179 7.5504479 0.0366664 0.8648985 0.0080243 0.5005415
229.821900 -227.6998596 -32.1493149 7.4961085 0.0366545 0.8641036 0.0101720 0.5018744
229.925600 -226.9925842 -32.5474625 7.4682293 0.0335621 0.8634754 0.0143910 0.5030673
230.132800 -225.6418915 -33.3046188 7.4183102 0.0342400 0.8622628 0.0133770 0.5051253
230.236700 -224.9909058 -33.6613235 7.3990669 0.0342625 0.8620554 0.0102805 0.5055500
230.340300 -224.3478546 -34.0099335 7.3788924 0.0329295 0.8619359 0.0085107 0.5058751
230.443900 -223.7180786 -34.3551712 7.3536539 0.0321489 0.8615935 0.0094742 0.5064911
230.547500 -223.1007996 -34.6955872 7.3307896 0.0309617 0.8612744 0.0097995 0.5071012
230.651300 -222.5000305 -35.0179062 7.3120756 0.0284282 0.8610322 0.0099450 0.5076578
230.754900 -221.9147644 -35.3378448 7.2971191 0.0263566 0.8607382 0.0112549 0.5082405
230.858500 -221.3513489 -35.6474380 7.2750969 0.0268171 0.8604186 0.0131683 0.5087114
230.962300 -220.8125610 -35.9522400 7.2518091 0.0287044 0.8600940 0.0133177 0.5091532
231.065900 -220.2957001 -36.2333984 7.2345943 0.0297370 0.8603293 0.0110330 0.5087510
231.169600 -219.7934875 -36.5043335 7.2239714 0.0299535 0.8607528 0.0089174 0.5080628
231.377000 -218.8421021 -37.0340118 7.1945515 0.0295578 0.8619490 0.0100378 0.5060331
232.102900 -216.2815857 -38.5776291 7.1137695 0.0268303 0.8738131 0.0161630 0.4852520
233.035900 -214.4241791 -39.9443359 7.0631084 0.0268117 0.8950884 0.0092250 0.4449863
234.072400 -212.4774475 -41.6549301 7.0040121 0.0308007 0.9128388 -0.0047631 0.4071290
234.693700 -210.5219727 -43.3745728 6.9380670 0.0254723 0.9117619 -0.0045003 0.4099038
235.211600 -208.3573151 -45.1401291 6.8769970 0.0195914 0.9018274 0.0075697 0.4315857
235.626100 -206.3426514 -46.6604156 6.8525796 0.0284140 0.8911687 0.0068296 0.4527299
235.937100 -204.6654053 -47.8268127 6.8105388 0.0374643 0.8824139 0.0081388 0.4689092
236.144600 -203.4680939 -48.6117172 6.7735004 0.0401651 0.8773796 0.0101350 0.4780053
236.455800 -201.5520782 -49.8197021 6.7248106 0.0411482 0.8721647 0.0201282 0.4870631
236.663100 -200.2397614 -50.6188660 6.6992822 0.0416849 0.8709049 0.0201451 0.4892660
236.870600 -198.8896790 -51.4301529 6.6818919 0.0427808 0.8702802 0.0178710 0.4903700
237.078000 -197.4990540 -52.2622681 6.6509929 0.0390106 0.8700145 0.0180855 0.4911475
237.285300 -196.0829468 -53.1008148 6.6218081 0.0375739 0.8699853 0.0130109 0.4914717
237.492700 -194.6384888 -53.9620667 6.5816755 0.0381084 0.8699680 0.0092164 0.4915470
237.907300 -191.6725464 -55.7648926 6.5000324 0.0358554 0.8699042 0.0183146 0.4915746
238.218200 -189.4036865 -57.1238861 6.4557810 0.0340164 0.8706433 0.0130981 0.4905624
238.425400 -187.9036560 -58.0286407 6.4158587 0.0338046 0.8706153 0.0132870 0.4906218
238.736400 -185.6489258 -59.3870773 6.3597407 0.0323733 0.8704247 0.0143971 0.4910249
238.943700 -184.1598969 -60.2974243 6.3269501 0.0344530 0.8702471 0.0169988 0.4911150
239.151000 -182.6872101 -61.1862869 6.2850618 0.0384317 0.8699666 0.0114085 0.4914784
239.358400 -181.2241821 -62.0784760 6.2410145 0.0413356 0.8690280 0.0129692 0.4928626
239.669300 -179.0651550 -63.3488808 6.1602306 0.0383115 0.8686724 0.0131772 0.4937274
239.876600 -177.7069702 -64.1673737 6.1088295 0.0400102 0.8679115 0.0149536 0.4948791
240.083800 -176.4138336 -64.9321976 6.0634480 0.0406409 0.8666970 0.0163979 0.4969061
240.291300 -175.1948547 -65.6292801 6.0192614 0.0393573 0.8645969 0.0163419 0.5006557
240.602100 -173.4870453 -66.5472717 5.9551210 0.0355482 0.8588288 0.0161524 0.5107725
240.912900 -171.9104156 -67.3423386 5.8904190 0.0417305 0.8484234 0.0097843 0.5275799
241.326800 -169.7415466 -68.1832428 5.7988939 0.0369489 0.8174141 0.0087195 0.5747982
241.740900 -167.5652924 -68.6565094 5.6932406 0.0277219 0.7747027 0.0063406 0.6316858
242.052300 -165.9086914 -68.7977524 5.6243753 0.0228477 0.7406679 0.0011526 0.6714818
242.466800 -163.5500031 -68.7738037 5.5438814 0.0120856 0.7068493 -0.0006447 0.7072605
242.882600 -160.9871063 -68.6424713 5.4934587 0.0037226 0.6930515 -0.0022925 0.7208748
243.193700 -158.9085999 -68.5511780 5.4587903 0.0087593 0.6907805 0.0002395 0.7230114
243.504900 -156.6975098 -68.4596863 5.4076962 0.0171985 0.6904551 0.0003668 0.7231706
243.816300 -154.3416290 -68.3441544 5.3445601 0.0139189 0.6919605 0.0047659 0.7217855
244.127100 -151.8441010 -68.2385025 5.2897840 0.0208149 0.6958609 -0.0017334 0.7178729
244.438200 -149.1980743 -68.1893539 5.1952600 0.0229143 0.7003691 0.0050726 0.7133949
244.645500 -147.3654938 -68.1727142 5.1461225 0.0223832 0.7032302 0.0087290 0.7105561
244.956500 -144.5029297 -68.1710052 5.0762362 0.0302541 0.7056248 0.0111976 0.7078509
245.267400 -141.5360870 -68.1740112 4.9639688 0.0375568 0.7056421 0.0073389 0.7075344
245.474700 -139.4994354 -68.1458664 4.8742514 0.0271700 0.7060205 0.0112651 0.7075803
245.785600 -136.4467316 -68.1256790 4.7791014 0.0283067 0.7034589 0.0121265 0.7100685
245.992800 -134.4186707 -68.0987473 4.7000341 0.0336898 0.7015116 0.0084880 0.7118106
246.200100 -132.3766785 -68.0518646 4.6042557 0.0309215 0.6996928 0.0099365 0.7137052
246.407500 -130.3105469 -68.0092773 4.5369577 0.0255532 0.6984568 0.0152027 0.7150343
246.614800 -128.3023071 -67.9444351 4.4653549 0.0258709 0.6980077 0.0114176 0.7155316
246.925900 -125.2977600 -67.8549042 4.3522158 0.0286157 0.6978799 0.0110666 0.7155573
247.133300 -123.2932053 -67.8100891 4.2814999 0.0259595 0.6977798 0.0148694 0.7156873
247.340500 -121.3384552 -67.7589188 4.2131352 0.0288865 0.6988208 0.0119357 0.7146136
247.444100 -120.3675003 -67.7415924 4.1739931 0.0310382 0.6991401 0.0113710 0.7142202
247.651500 -118.4284134 -67.7102280 4.0888343 0.0361356 0.6996648 0.0097775 0.7134898
247.755100 -117.4557953 -67.6968155 4.0455661 0.0351652 0.6999485 0.0128426 0.7132114
247.962400 -115.5165710 -67.6722260 3.9598856 0.0336821 0.7007691 0.0167413 0.7123959
248.066100 -114.5526886 -67.6591492 3.9245493 0.0341210 0.7009378 0.0164461 0.7122159
248.273400 -112.6460342 -67.6429214 3.8468509 0.0380216 0.7006143 0.0179810 0.7122995
248.584300 -109.7985229 -67.5984802 3.7375338 0.0376983 0.6990373 0.0230880 0.7137175
248.791600 -107.9450607 -67.5481110 3.6671607 0.0373931 0.6974721 0.0224951 0.7152820
248.998900 -106.0933609 -67.4933777 3.6047006 0.0341468 0.6952283 0.0229841 0.7176095
249.309900 -103.4222794 -67.3861465 3.5257111 0.0338919 0.6921876 0.0199539 0.7206452
249.517200 -101.7110901 -67.3106613 3.4629338 0.0334461 0.6911053 0.0183699 0.7217461
249.620800 -100.8887863 -67.2730713 3.4277518 0.0333073 0.6909368 0.0174979 0.7219355
249.828200 -99.2897186 -67.2036591 3.3635216 0.0309653 0.6909949 0.0177095 0.7219789
250.035500 -97.7801590 -67.1389084 3.3041599 0.0287706 0.6926521 0.0171625 0.7204934
250.450300 -95.0240936 -67.1134415 3.2162445 0.0267925 0.7028888 0.0175169 0.7105792
251.072900 -91.4121552 -67.3614578 3.1016467 0.0286833 0.7469947 0.0192840 0.6639310
251.903600 -87.0945053 -68.7441559 3.0157282 0.0192410 0.8490276 0.0038963 0.5279837
252.422500 -84.9031372 -70.5356598 2.9892974 0.0187469 0.9186792 0.0134863 0.3943288
252.940600 -83.2888870 -72.9219513 2.9897575 0.0244287 0.9653792 0.0005962 0.2597034
253.458700 -82.2997818 -75.8930511 2.9694240 0.0286522 0.9907151 0.0070493 0.1327137
253.769300 -81.9958801 -77.8667908 2.9694624 0.0313359 0.9971448 0.0022459 0.0686686
253.872700 -81.9469147 -78.5453949 2.9702919 0.0338726 0.9980183 -0.0012884 0.0530139
253.976200 -81.9047012 -79.2367172 2.9720979 0.0345983 0.9986328 -0.0021988 0.0391243
254.183000 -81.8589401 -80.6872101 2.9723697 0.0347657 0.9991966 0.0060261 0.0190046
254.492900 -81.8542404 -82.9322281 2.9921677 0.0397079 0.9991227 0.0132709 0.0009705
254.906600 -81.8894577 -85.9904709 3.0409255 0.0453102 0.9989278 0.0085356 -0.0041797
255.320700 -81.9291382 -89.1852570 3.0670376 0.0508513 0.9986885 0.0044481 -0.0039542
255.735200 -81.9956055 -92.5199966 3.0743761 0.0679390 0.9976869 0.0021532 -0.0006534
256.253400 -81.9262009 -96.9152069 3.1087871 0.0567191 0.9982756 0.0144567 0.0044537
256.668100 -81.8824005 -100.5304642 3.1386313 0.0528003 0.9985871 0.0040676 0.0044156
256.979100 -81.8459473 -103.3741913 3.1539452 0.0468517 0.9988271 0.0119127 0.0027128
257.186200 -81.8226395 -105.3359985 3.1877327 0.0443766 0.9989082 0.0145377 0.0013789
257.393500 -81.8183594 -107.3145828 3.2163551 0.0446953 0.9989849 0.0055509 0.0007707
257.497000 -81.8175278 -108.3333359 3.2279212 0.0462083 0.9989213 0.0044160 0.0012556
257.600600 -81.8128281 -109.3669205 3.2364397 0.0454372 0.9989215 0.0092565 0.0023927
257.807900 -81.7940445 -111.4509125 3.2607791 0.0454810 0.9988474 0.0149023 0.0036280
258.118800 -81.7621231 -114.5775986 3.3069727 0.0460058 0.9988897 0.0086939 0.0052115
258.429600 -81.7155457 -117.7490692 3.3329258 0.0442057 0.9989312 0.0119949 0.0062088
258.740600 -81.6710434 -120.9226532 3.3727083 0.0438122 0.9989110 0.0145603 0.0067323
259.051600 -81.6265106 -124.1047516 3.4038432 0.0453227 0.9988950 0.0099462 0.0074643
259.362500 -81.5656357 -127.2468491 3.4193878 0.0460492 0.9988793 0.0061613 0.0090414
259.673400 -81.4985428 -130.3944855 3.4429116 0.0447278 0.9988436 0.0144968 0.0100402
259.984300 -81.4282227 -133.5029907 3.4695747 0.0408859 0.9990918 0.0087707 0.0081852
260.295200 -81.3719177 -136.6275940 3.4909604 0.0372212 0.9992048 0.0123982 0.0071167
260.606300 -81.3155136 -139.7250824 3.5200899 0.0356296 0.9993093 0.0079284 0.0069736
261.020900 -81.2360458 -143.8582458 3.5487118 0.0324080 0.9993646 0.0131788 0.0068142
261.435400 -81.1654968 -147.9404755 3.5913281 0.0364659 0.9992397 0.0094359 0.0100658
261.850200 -81.0427475 -152.0172272 3.6400061 0.0340957 0.9991176 0.0186232 0.0159565
262.160900 -80.9357376 -154.9918976 3.6832876 0.0390861 0.9989923 0.0085810 0.0203252
262.471800 -80.7888870 -157.9711304 3.6937945 0.0406532 0.9987741 0.0081878 0.0270310
262.782800 -80.5931015 -160.9364014 3.6938231 0.0390772 0.9985998 0.0096427 0.0343283
263.197400 -80.2419968 -164.8687592 3.7118614 0.0307580 0.9985372 0.0115253 0.0429470
263.612300 -79.8394623 -168.7865448 3.7321458 0.0159559 0.9989457 0.0075524 0.0423785
264.027000 -79.5211411 -172.7292633 3.7521052 0.0149177 0.9992501 0.0125481 0.0334571
264.337800 -79.3253708 -175.7103119 3.7992394 0.0076439 0.9995843 0.0135360 0.0242795
264.545100 -79.2306671 -177.6898041 3.8226228 0.0055380 0.9997887 0.0073929 0.0183629
264.752300 -79.1746521 -179.7099762 3.8414986 0.0109564 0.9997804 0.0112067 0.0139149
265.063100 -79.1155090 -182.7339630 3.8745427 0.0145294 0.9998089 0.0095311 0.0089525
265.270500 -79.0768814 -184.7520599 3.8803475 0.0117646 0.9998685 0.0098555 0.0052510
265.685200 -79.0383987 -188.7917328 3.9212935 0.0106885 0.9998147 0.0158072 0.0025394
266.099800 -79.0109100 -192.8032532 3.9658618 0.0113697 0.9998732 0.0110104 0.0017870
266.514500 -78.9965744 -196.7819366 4.0050631 0.0159237 0.9997705 0.0142627 0.0013980
266.825500 -78.9880142 -199.6417084 4.0410819 0.0194145 0.9997344 0.0124199 0.0000559
267.240200 -78.9958572 -203.2831268 4.0710926 0.0203795 0.9997174 0.0114833 -0.0042484
267.654800 -79.0307007 -206.7282867 4.0930095 0.0144219 0.9997415 0.0088760 -0.0151715
267.965700 -79.1321106 -209.1495667 4.1151323 0.0189240 0.9993942 0.0181010 -0.0229244
268.173000 -79.2086945 -210.6568909 4.1339231 0.0202841 0.9993147 0.0169498 -0.0259097
268.276600 -79.2441788 -211.3721313 4.1451473 0.0205780 0.9993329 0.0143961 -0.0265155
268.380200 -79.2830200 -212.0673828 4.1584578 0.0222443 0.9993152 0.0127537 -0.0266773
268.483800 -79.3287277 -212.7487488 4.1637526 0.0248870 0.9992709 0.0108833 -0.0268312
268.587600 -79.3638153 -213.4290161 4.1647911 0.0250436 0.9992914 0.0081506 -0.0268892
268.898400 -79.4584198 -215.4521637 4.1804261 0.0265471 0.9993384 0.0067235 -0.0239335
269.520100 -79.5179443 -219.4263153 4.2029905 0.0334633 0.9993910 0.0084666 0.0051274
270.142100 -79.1692352 -223.5278168 4.2271709 0.0216959 0.9987265 0.0065479 0.0450747
270.660700 -78.7431335 -227.3071442 4.2413106 0.0108201 0.9987914 0.0095853 0.0469760
271.179400 -78.4494858 -231.4347229 4.2862730 0.0121136 0.9995830 0.0059722 0.0255226
271.697800 -78.3664551 -235.9271698 4.3152351 0.0132138 0.9999099 0.0006126 -0.0022567
272.112100 -78.4524307 -239.8019867 4.3277817 0.0186078 0.9996958 0.0086768 -0.0136694
272.422900 -78.5483856 -242.8106995 4.3626752 0.0219703 0.9996053 0.0079936 -0.0155763
272.630100 -78.5971069 -244.8928986 4.3885078 0.0219732 0.9996183 0.0100390 -0.0134027
273.044700 -78.6612930 -249.1609039 4.4441843 0.0256540 0.9995824 0.0116631 -0.0063967
273.355800 -78.6750793 -252.3546143 4.4564905 0.0287692 0.9995643 0.0065567 -0.0006737
273.666700 -78.6518707 -255.5506897 4.4829187 0.0250243 0.9995927 0.0134736 0.0025843
273.977700 -78.6050186 -258.7436523 4.5168018 0.0239833 0.9996262 0.0120725 0.0051591
274.288800 -78.5506210 -261.8971558 4.5397224 0.0223002 0.9997051 0.0075356 0.0059759
274.599800 -78.5023193 -265.0401001 4.5624609 0.0233567 0.9995822 0.0160468 0.0056885
274.910700 -78.4552994 -268.1328430 4.6041536 0.0217768 0.9996932 0.0108474 0.0046461
275.325500 -78.4135971 -272.2082520 4.6158552 0.0236635 0.9996866 0.0074451 0.0033621
275.740000 -78.3888626 -276.1471558 4.6340241 0.0259443 0.9996064 0.0102981 0.0028181
276.050900 -78.3334656 -278.9500427 4.6359386 0.0226717 0.9996677 0.0099076 0.0072314
276.361800 -78.2579575 -281.6063843 4.6523046 0.0246129 0.9994922 0.0120297 0.0162720
276.776500 -78.0800858 -284.9354858 4.6739230 0.0221081 0.9992059 0.0135385 0.0302586
277.294300 -77.7271881 -288.7487793 4.6798472 0.0205636 0.9984746 0.0087061 0.0504959
277.812800 -77.2476196 -292.0866394 4.6779227 0.0071600 0.9977383 0.0133329 0.0654927
278.436400 -77.0071106 -295.3741150 4.7027416 -0.0065205 0.9998757 0.0139031 0.0035671
278.957300 -77.5145569 -297.6584167 4.7189178 -0.0059629 0.9906315 0.0137344 -0.1357393
279.477800 -78.7488632 -299.4532166 4.7506914 0.0074306 0.9505476 0.0128926 -0.3102223
279.996000 -80.4854355 -300.6242676 4.8065920 0.0199345 0.8836094 0.0164839 -0.4675098
280.410500 -82.0473557 -301.1882629 4.8892426 -0.0158830 -0.8152546 -0.0231649 0.5784212
280.927900 -84.2660522 -301.3999023 4.9724178 -0.0120107 -0.7393255 -0.0161757 0.6730468
281.444500 -86.9305191 -301.3656921 5.0625501 -0.0157770 -0.7047431 -0.0106378 0.7092074
281.857600 -89.3501511 -301.3811646 5.1517305 -0.0171759 -0.7071587 -0.0132119 0.7067226
282.271600 -92.0371704 -301.4103699 5.2555256 -0.0173392 -0.7109646 -0.0123873 0.7029049
282.686000 -94.9534378 -301.4812927 5.3522096 -0.0114524 -0.7146293 -0.0096684 0.6993428
283.100700 -98.1153946 -301.5826111 5.4488773 -0.0137753 -0.7169876 -0.0157945 0.6967708
283.515400 -101.4922714 -301.6982727 5.5748324 -0.0164643 -0.7181952 -0.0153126 0.6954784
283.826400 -104.1171265 -301.7991943 5.6561913 -0.0067470 -0.7175840 -0.0094753 0.6963749
284.033800 -105.9515610 -301.8638000 5.6941466 -0.0085887 -0.7157709 -0.0165140 0.6980871
284.344700 -108.7362747 -301.9182739 5.7846627 -0.0130848 -0.7129065 -0.0168324 0.7009349
284.655700 -111.5611572 -301.9645996 5.8717408 -0.0129735 -0.7123671 -0.0153261 0.7015197
284.862900 -113.4715195 -302.0088501 5.9329438 -0.0122688 -0.7128150 -0.0164138 0.7010527
285.174000 -116.3752136 -302.0823669 6.0213618 -0.0090822 -0.7134928 -0.0178247 0.7003769
285.485100 -119.2857208 -302.1422729 6.0967112 -0.0086237 -0.7141698 -0.0162041 0.6997318
285.796100 -122.2196808 -302.2078552 6.1817675 -0.0145336 -0.7138063 -0.0195998 0.6999179
286.003400 -124.1580200 -302.2577209 6.2502689 -0.0140722 -0.7127881 -0.0206288 0.7009348
286.210700 -126.0945511 -302.2929382 6.3181396 -0.0125445 -0.7115106 -0.0172064 0.7023526
286.521500 -129.0141296 -302.3173828 6.4066367 -0.0162708 -0.7106636 -0.0158856 0.7031643
286.936200 -132.8291321 -302.3865967 6.5080519 -0.0057441 -0.7119412 -0.0122524 0.7021086
287.350800 -136.6308899 -302.4586792 6.5848584 -0.0147784 -0.7121540 -0.0196344 0.7015930
287.869200 -141.2472382 -302.5508118 6.7103081 -0.0088308 -0.7137867 -0.0121805 0.7002015
288.283800 -144.8791199 -302.6613464 6.7737789 -0.0081337 -0.7171207 -0.0170034 0.6966941
288.594600 -147.5929413 -302.7870178 6.8551064 -0.0148548 -0.7246442 -0.0189321 0.6887029
288.905400 -150.2617645 -303.0000000 6.9402361 -0.0116886 -0.7354633 -0.0186670 0.6772065
289.112800 -152.0087738 -303.1957703 6.9968357 -0.0091515 -0.7422678 -0.0190304 0.6697705
289.423800 -154.6358643 -303.5434875 7.0895853 -0.0107789 -0.7517880 -0.0229443 0.6589174
289.734900 -157.2066345 -303.9382019 7.1705060 -0.0082268 -0.7594276 -0.0198571 0.6502366
290.046000 -159.7804718 -304.4032898 7.2587194 -0.0135589 -0.7673218 -0.0244295 0.6406533
290.460600 -163.1522217 -305.1123047 7.3838720 -0.0164080 -0.7802677 -0.0212166 0.6248704
290.875300 -166.4557648 -305.9461975 7.5124264 -0.0194915 -0.7945801 -0.0092501 0.6067759
291.082500 -168.0702820 -306.4302368 7.5577154 -0.0172963 -0.8000439 -0.0100494 0.5996078
291.393500 -170.4798279 -307.1893005 7.6376753 -0.0237000 -0.8064173 -0.0171830 0.5906218
291.704600 -172.8197784 -307.9865112 7.7257900 -0.0196826 -0.8132913 -0.0121916 0.5813959
292.119300 -175.9355164 -309.1407471 7.8330269 -0.0207832 -0.8220553 -0.0135999 0.5688656
292.533600 -178.9669800 -310.3861084 7.9170351 -0.0166728 -0.8316016 -0.0104081 0.5550249
293.051800 -182.6340485 -312.0853882 8.0010643 -0.0144233 -0.8445544 -0.0135997 0.5351027
293.362800 -184.7460327 -313.1547852 8.0490341 -0.0114709 -0.8522841 -0.0095842 0.5228656
293.673900 -186.8180237 -314.2739258 8.1009684 -0.0141126 -0.8594054 -0.0138834 0.5109114
293.984800 -188.8139038 -315.4202576 8.1659126 0.0203294 0.8662916 0.0180386 -0.4987988
294.295800 -190.6673279 -316.5557861 8.2409363 0.0163347 0.8730990 0.0142157 -0.4870618
294.606800 -192.3609924 -317.6557617 8.2895899 0.0148777 0.8777061 0.0167081 -0.4786769
295.125500 -194.8518372 -319.2693176 8.3475733 0.0093137 0.8770458 0.0151172 -0.4800785
295.851800 -197.6490173 -320.8171997 8.4330206 -0.0187052 -0.8530945 -0.0223489 0.5209419
296.682000 -200.5027161 -321.7144775 8.5356741 -0.0156356 -0.7848222 -0.0157420 0.6193236
297.511800 -203.4286652 -321.5770874 8.6044273 -0.0053702 -0.6583059 -0.0146981 0.7525879
298.134100 -205.8155518 -320.5823975 8.6522207 -0.0042370 -0.5234797 -0.0285490 0.8515492
298.651900 -207.9238892 -318.8286133 8.7365732 0.0003100 -0.4012761 -0.0299768 0.9154664
299.065300 -209.6605530 -316.8505554 8.7948723 0.0002943 -0.3474868 -0.0282678 0.9372587
299.375400 -211.0422058 -315.0993042 8.8297243 0.0014441 -0.3261286 -0.0272868 0.9449304
299.788800 -213.0113525 -312.4546204 8.8799400 -0.0024645 -0.3117865 -0.0260467 0.9497919
300.099300 -214.6003723 -310.2946777 8.9199276 0.0025291 -0.3089138 -0.0253887 0.9507478
300.409900 -216.2986145 -307.9506226 8.9588480 -0.0023575 -0.3053557 -0.0263129 0.9518718
300.824200 -218.6252136 -304.7036133 9.0194473 -0.0018016 -0.3044731 -0.0225685 0.9522519
301.238600 -220.9896698 -301.4270020 9.0356865 -0.0028942 -0.3080781 -0.0200618 0.9511451
301.549500 -222.7889252 -298.9799194 9.0548735 -0.0040255 -0.3105549 -0.0198461 0.9503397
301.860500 -224.5938721 -296.5639038 9.0829782 -0.0036091 -0.3128672 -0.0182118 0.9496154
302.171400 -226.3875427 -294.1611938 9.0879784 -0.0030268 -0.3148455 -0.0185644 0.9489565
302.586100 -228.8041534 -290.9878845 9.1076975 -0.0034403 -0.3147296 -0.0210811 0.9489410
302.897000 -230.5947723 -288.6038208 9.1274319 -0.0033401 -0.3140473 -0.0206526 0.9491768
303.208000 -232.3618927 -286.2384949 9.1316395 -0.0036495 -0.3129917 -0.0188010 0.9495627
303.415400 -233.5336609 -284.6762695 9.1455250 -0.0038942 -0.3130601 -0.0199044 0.9495167
303.622600 -234.6994629 -283.1288452 9.1633148 -0.0072179 -0.3138635 -0.0221879 0.9491814
303.933600 -236.4539948 -280.8107910 9.2018471 -0.0057992 -0.3174557 -0.0227154 0.9479833
304.244400 -238.2601624 -278.4584656 9.2422104 -0.0051409 -0.3208912 -0.0214914 0.9468582
304.659000 -240.7309723 -275.3023071 9.2858810 -0.0037393 -0.3229703 -0.0194449 0.9462019
305.073700 -243.3161163 -272.0034180 9.3214655 -0.0024668 -0.3211302 -0.0253868 0.9466915
305.488400 -245.9011841 -268.6420898 9.3674669 -0.0057631 -0.3204234 -0.0223224 0.9469938
305.902900 -248.4801636 -265.3057861 9.4091177 -0.0047061 -0.3228767 -0.0214571 0.9461861
306.317500 -251.0533295 -262.0547485 9.4340878 -0.0018906 -0.3260092 -0.0208469 0.9451348
306.628300 -252.9765625 -259.6479492 9.4558525 -0.0017607 -0.3274203 -0.0223566 0.9446126
306.939300 -254.8541565 -257.3010254 9.4646187 -0.0034627 -0.3270383 -0.0246589 0.9446830
307.146500 -256.0719604 -255.7723083 9.4825659 -0.0053662 -0.3257471 -0.0251820 0.9451063
307.353900 -257.2263184 -254.3023834 9.4970083 -0.0060989 -0.3235705 -0.0247708 0.9458601
307.664900 -258.8166504 -252.2385101 9.5135927 -0.0048680 -0.3161406 -0.0250148 0.9483700
308.079700 -260.6182861 -249.7028503 9.5236063 -0.0045244 -0.2945745 -0.0233024 0.9553337
308.598900 -262.2088928 -246.8524628 9.5042772 0.0008050 -0.2240888 -0.0229151 0.9742990
309.015000 -262.8543396 -244.5945435 9.4586124 -0.0002093 -0.1158281 -0.0204920 0.9930578
309.327200 -262.9139099 -242.8782654 9.4266243 -0.0010212 -0.0091719 -0.0187741 0.9997811
309.742900 -262.4032593 -240.7621155 9.3831310 0.0018083 0.1382664 -0.0140874 0.9902932
310.157900 -261.3031006 -238.8481750 9.3376541 0.0007627 0.2744736 -0.0089132 0.9615530
310.572000 -259.7656860 -237.1410675 9.2831440 -0.0021658 0.3790417 -0.0082841 0.9253400
311.089300 -257.3045349 -235.2167664 9.2478266 -0.0077381 0.4670870 -0.0136878 0.8840715
311.607200 -254.2937317 -233.6696167 9.2058611 -0.0048877 0.5404762 -0.0160632 0.8411918
312.021600 -251.4757843 -232.6784363 9.1504726 0.0018187 0.5865276 -0.0111537 0.8098504
312.436000 -248.2723694 -231.8796997 9.0859079 0.0055133 0.6208524 0.0000341 0.7839081
312.850400 -244.7703705 -231.2172852 9.0317421 0.0063830 0.6479461 -0.0040167 0.7616489
313.161100 -241.9452820 -230.8708496 8.9723129 0.0113501 0.6636650 -0.0002267 0.7479438
313.471800 -238.9766083 -230.5836487 8.8870182 0.0184187 0.6733212 -0.0020274 0.7391178
313.885900 -234.8042450 -230.2341309 8.7491341 0.0165858 0.6791338 0.0002647 0.7338271
314.196700 -231.5756836 -230.0050964 8.6477165 0.0169832 0.6821468 -0.0000930 0.7310179
314.507600 -228.2977295 -229.7806396 8.5314789 0.0140582 0.6851324 -0.0023782 0.7282789
314.818400 -224.9788208 -229.5810547 8.4177618 0.0120880 0.6887280 -0.0035890 0.7249101
315.129300 -221.6194458 -229.4116974 8.3125935 0.0109073 0.6913172 -0.0043744 0.7224559
315.440400 -218.2354889 -229.2540588 8.2099667 0.0084361 0.6943606 -0.0058100 0.7195543
315.751400 -214.8625336 -229.1349487 8.0941610 0.0073699 0.6973144 -0.0065895 0.7166973
316.062900 -211.5075226 -229.0374603 7.9873581 0.0054617 0.6993878 -0.0058714 0.7146974
316.165900 -210.3889771 -229.0073242 7.9547930 0.0049030 0.7000558 -0.0059475 0.7140465
316.373000 -208.1599426 -228.9559631 7.8896408 0.0041016 0.7012025 -0.0049615 0.7129331
316.684000 -204.8637695 -228.9003601 7.8067546 0.0033486 0.7027338 -0.0027257 0.7114397
316.995100 -201.5789032 -228.8492889 7.7240000 0.0049021 0.7040381 -0.0044328 0.7101315
317.409900 -197.2365723 -228.8140106 7.6099286 0.0051598 0.7039243 -0.0008914 0.7102557
317.824000 -192.9951019 -228.7594452 7.5208063 0.0040720 0.7040130 -0.0027783 0.7101700
318.031400 -190.8963013 -228.7325745 7.4687076 0.0048742 0.7041548 -0.0022245 0.7100263
318.238500 -188.8150635 -228.7134705 7.4136357 0.0051091 0.7044791 -0.0021969 0.7097030
318.445900 -186.7426453 -228.6898651 7.3592253 0.0056010 0.7056015 -0.0029349 0.7085806
318.653100 -184.7066956 -228.6774750 7.3031015 0.0078891 0.7072215 -0.0051336 0.7069294
318.964100 -181.7310486 -228.6986237 7.2033606 0.0090114 0.7100075 -0.0030417 0.7041299
319.378800 -177.9687805 -228.7470551 7.0809789 0.0090455 0.7147667 -0.0015219 0.6993028
319.793400 -174.5114746 -228.8540649 6.9568815 0.0128705 0.7168690 0.0008905 0.6970885
320.207600 -171.3521271 -228.9000549 6.8499537 0.0147347 0.7096208 0.0061320 0.7044030
320.725300 -167.8708801 -228.7554474 6.7408047 0.0156487 0.6842283 0.0085871 0.7290494
321.448600 -164.1777344 -227.8185577 6.6157827 0.0151100 0.5646617 0.0107870 0.8251137
322.172300 -161.6862030 -225.5586395 6.5345721 0.0087344 0.3408301 0.0078354 0.9400517
322.690600 -160.7366028 -223.2839508 6.4999928 -0.0035111 0.1807113 -0.0000464 0.9835299
323.106000 -160.3621216 -221.2158356 6.5052648 0.0004887 0.0960140 -0.0120584 0.9953068
323.522000 -160.1177673 -218.9242401 6.4970989 -0.0048204 0.0515627 -0.0117490 0.9985890
323.937600 -159.9802551 -216.4300995 6.4942536 -0.0013978 0.0292175 -0.0123926 0.9994953
324.352700 -159.8660126 -213.6627197 6.4857645 0.0008495 0.0217148 -0.0102377 0.9997115
324.871000 -159.7643127 -209.8174133 6.4633813 0.0022289 0.0068934 -0.0052231 0.9999601
325.389300 -159.7699585 -205.5175171 6.4175353 0.0017833 -0.0015258 -0.0011078 0.9999966
325.803900 -159.8278809 -201.7633057 6.4093275 -0.0025328 -0.0065223 -0.0049731 0.9999632
326.218600 -159.9253082 -197.7776031 6.4094043 0.0002108 -0.0064509 -0.0094809 0.9999342
326.529700 -159.9620514 -194.6999817 6.3850641 -0.0004201 -0.0061355 -0.0078267 0.9999505
326.944200 -160.0344696 -190.4910889 6.3580961 0.0010770 -0.0067079 -0.0088519 0.9999377
327.255200 -160.0872955 -187.3227844 6.3179665 0.0029533 -0.0095861 -0.0068070 0.9999265
327.462400 -160.1446228 -185.1955566 6.2823429 -0.0009329 -0.0101383 -0.0093169 0.9999048
327.773400 -160.2241516 -182.0272217 6.2376270 0.0022773 -0.0096430 -0.0085364 0.9999145
328.084300 -160.2738342 -178.8539429 6.2059040 -0.0039227 -0.0082637 -0.0056870 0.9999420
328.395300 -160.3574219 -175.6950684 6.1769719 0.0002462 -0.0065213 -0.0105318 0.9999232
328.706200 -160.4075623 -172.5102234 6.1582274 -0.0030589 -0.0055600 -0.0124823 0.9999020
328.913500 -160.4318085 -170.3765564 6.1493363 -0.0002694 -0.0051676 -0.0102382 0.9999342
329.120700 -160.4540710 -168.2082367 6.1354322 -0.0048648 -0.0047706 -0.0088249 0.9999378
329.535300 -160.4945831 -163.8177032 6.1439691 -0.0049555 -0.0040777 -0.0028851 0.9999753
329.846300 -160.5221100 -160.4680481 6.1397705 -0.0007951 -0.0048336 0.0003007 0.9999880
330.157100 -160.5703125 -157.0604248 6.1089487 -0.0028407 -0.0052547 -0.0011687 0.9999815
330.468000 -160.6161957 -153.5738373 6.1136093 -0.0073908 -0.0041630 -0.0014392 0.9999630
330.778700 -160.6527252 -150.1038055 6.1193609 -0.0034470 -0.0031089 -0.0010607 0.9999887
331.089600 -160.6893311 -146.5829315 6.1022606 -0.0003211 -0.0038891 -0.0010375 0.9999918
331.400400 -160.7338562 -143.0388489 6.0602522 -0.0028986 -0.0053338 -0.0007297 0.9999813
331.711200 -160.7965546 -139.5164642 6.0357208 0.0003353 -0.0072599 -0.0028534 0.9999695
331.918400 -160.8521271 -137.2039490 5.9993877 0.0049636 -0.0085401 -0.0044475 0.9999413
332.125500 -160.9038239 -134.8697205 5.9573116 -0.0010659 -0.0093231 -0.0034597 0.9999500
332.332600 -160.9600372 -132.5472717 5.9438558 -0.0053599 -0.0094057 -0.0038017 0.9999342
332.747200 -161.0603027 -127.9174271 5.9396119 -0.0020564 -0.0077161 -0.0039749 0.9999602
333.058400 -161.1239166 -124.4903488 5.8891506 0.0013984 -0.0070456 -0.0067900 0.9999511
333.368900 -161.1977234 -121.0371323 5.8734293 -0.0106569 -0.0048762 -0.0109908 0.9998709
333.679800 -161.2242737 -117.6928253 5.8656988 0.0022184 -0.0044249 -0.0045656 0.9999774
333.887100 -161.2387085 -115.4523392 5.8314910 0.0022392 -0.0047862 -0.0033720 0.9999803
334.094500 -161.2727966 -113.2070084 5.8137403 -0.0084760 -0.0044900 -0.0042358 0.9999450
334.301700 -161.3090363 -110.9918442 5.8302174 -0.0141942 -0.0046660 -0.0068147 0.9998651
334.508900 -161.3457031 -108.8126144 5.8498101 -0.0089589 -0.0049771 -0.0097929 0.9998995
334.819800 -161.3769836 -105.5612717 5.8311071 0.0007985 -0.0033445 -0.0097739 0.9999463
335.234600 -161.4039154 -101.2647781 5.7940760 -0.0108837 -0.0008894 -0.0105614 0.9998846
335.545500 -161.4457550 -98.1763229 5.8024130 -0.0074919 -0.0022354 -0.0171279 0.9998227
335.752600 -161.4619751 -96.2027130 5.7894063 -0.0002940 -0.0043606 -0.0145089 0.9998852
335.960200 -161.4777679 -94.2738419 5.7621346 -0.0029754 -0.0062144 -0.0105251 0.9999208
336.271000 -161.5240021 -91.5079346 5.7387753 -0.0008357 -0.0085117 -0.0078976 0.9999322
336.685700 -161.6107635 -88.0625305 5.6849813 0.0013674 -0.0106869 -0.0108666 0.9998829
336.996600 -161.6987762 -85.6622696 5.6532049 -0.0060351 -0.0132768 -0.0179302 0.9997329
337.204000 -161.7475891 -84.1794739 5.6362376 -0.0066464 -0.0158112 -0.0175847 0.9996983
337.411400 -161.8012085 -82.8010941 5.6333609 -0.0023305 -0.0185176 -0.0171095 0.9996794
337.826100 -161.9190826 -80.3206024 5.6073780 -0.0092591 -0.0198251 -0.0231633 0.9994922
338.448500 -161.9639435 -77.1857758 5.6014266 -0.0052153 0.0115883 -0.0301301 0.9994652
339.175600 -161.3492889 -74.2027435 5.5572991 0.0010150 0.1325520 -0.0153660 0.9910564
340.006000 -159.5644226 -71.3583908 5.4875998 0.0028083 0.3206986 -0.0013546 0.9471762
340.524200 -157.7432404 -69.8888474 5.4461942 0.0084286 0.4528353 -0.0054812 0.8915375
340.938700 -155.8705292 -69.0072708 5.3921151 0.0100591 0.5451610 -0.0067313 0.8382440
341.249400 -154.2498016 -68.5598907 5.3519964 0.0101877 0.6026791 -0.0026427 0.7979143
341.560000 -152.5198669 -68.2627258 5.3005676 0.0153147 0.6449463 -0.0053689 0.7640555
341.870200 -150.6336823 -68.0899200 5.2415729 0.0209946 0.6722836 0.0001179 0.7399960
343.837100 -134.5691223 -67.9462967 4.6987157 0.0321995 0.7076948 0.0061816 0.7057571
344.147900 -131.5784760 -67.9447403 4.5722713 0.0292861 0.7061077 0.0114770 0.7074055
344.562300 -127.5710220 -67.8902740 4.4459267 0.0296503 0.7011662 0.0098118 0.7123135
344.873200 -124.5678711 -67.8220673 4.3253803 0.0274843 0.6981949 0.0137181 0.7152485
345.080400 -122.5876312 -67.7682877 4.2570758 0.0269290 0.6969557 0.0141372 0.7164689
345.495000 -118.6857452 -67.6634369 4.0982509 0.0353526 0.6969002 0.0080099 0.7162514
345.702200 -116.7232742 -67.6218948 4.0059786 0.0327604 0.6975125 0.0148762 0.7156688
345.806000 -115.7545929 -67.6020432 3.9657989 0.0321150 0.6979841 0.0157510 0.7152194
346.220600 -111.9168015 -67.5211639 3.8106885 0.0360808 0.6994075 0.0149229 0.7136559
347.153500 -103.5513840 -67.3145065 3.5268345 0.0317964 0.6960875 0.0184362 0.7170155
347.360600 -101.8341293 -67.2644882 3.4629788 0.0323057 0.6959777 0.0179613 0.7171114
347.671700 -99.4189453 -67.1961899 3.3661590 0.0308361 0.6957822 0.0182146 0.7173594
352.439900 -82.0614777 -77.7185440 2.9702413 0.0343112 0.9973055 0.0049450 0.0646538
352.647000 -82.0081253 -78.7628479 2.9764900 0.0368317 0.9986079 0.0019845 0.0377072
352.853800 -81.9774475 -79.8254700 2.9856677 0.0380011 0.9990799 0.0056331 0.0190684
353.990600 -81.7766266 -85.7289276 3.0255864 0.0521034 0.9974995 0.0104873 0.0465837
354.713800 -80.7927094 -89.0578156 2.9862273 0.0360547 0.9817261 0.0027752 0.1868322
355.334000 -78.9768982 -91.3248749 2.9171228 0.0083908 0.9314836 0.0043384 0.3636606
355.955300 -76.5309753 -92.7103271 2.9062731 0.0132779 0.8423963 0.0044043 0.5386769
356.370100 -74.5665741 -93.1264038 2.8768015 0.0077510 0.7770500 0.0013178 0.6293898
356.681700 -73.0315170 -93.2378387 2.8446660 0.0094656 0.7392225 -0.0031642 0.6733873
357.201600 -70.2416916 -93.2547302 2.7734990 0.0086703 0.7109831 -0.0109984 0.7030696
357.721400 -66.9720306 -93.2422104 2.6666822 0.0079254 0.7083642 -0.0111203 0.7057150
358.032700 -64.7688141 -93.2555542 2.6002579 0.0122028 0.7092862 -0.0105702 0.7047358
358.447700 -61.5595169 -93.2694778 2.4826272 0.0138664 0.7098743 -0.0083093 0.7041429
358.862300 -58.0583229 -93.2873154 2.3653347 0.0154202 0.7077195 -0.0048412 0.7063087
359.173100 -55.2713814 -93.2549667 2.2685347 0.0171455 0.7042723 -0.0071048 0.7096874
359.484200 -52.3173714 -93.2143784 2.1647289 0.0165274 0.7019585 -0.0040757 0.7120144
359.795200 -49.2128830 -93.1534805 2.0682259 0.0166097 0.7007108 -0.0011165 0.7132511
360.106200 -46.0152969 -93.0681992 1.9621359 0.0157426 0.7007094 -0.0041788 0.7132608
360.313500 -43.8503914 -93.0110016 1.8788240 0.0145450 0.7012621 -0.0073025 0.7127177
360.417200 -42.7691689 -92.9862061 1.8329054 0.0140151 0.7014607 -0.0079755 0.7125257
360.624500 -40.6051941 -92.9415741 1.7359798 0.0145596 0.7020186 -0.0070536 0.7119749
360.728200 -39.5209579 -92.9265671 1.6877865 0.0152663 0.7020670 -0.0051232 0.7119288
360.831800 -38.4450417 -92.9166718 1.6441622 0.0176575 0.7020395 -0.0017228 0.7119169
360.935500 -37.3640900 -92.9040985 1.6032252 0.0184191 0.7018017 -0.0012077 0.7121331
361.039200 -36.2887726 -92.8904648 1.5582815 0.0195232 0.7012606 -0.0001380 0.7126377
361.453500 -32.0208435 -92.7636871 1.4011427 0.0140849 0.6973296 0.0000359 0.7166122
361.764500 -28.8832989 -92.6442719 1.2786031 0.0140649 0.6956502 -0.0058075 0.7182195
361.971900 -26.8284340 -92.5569763 1.1977701 0.0098053 0.6950086 -0.0056319 0.7189125
362.179000 -24.8275337 -92.4606323 1.1186068 0.0056256 0.6945120 -0.0083263 0.7194109
362.386200 -22.8848934 -92.3609085 1.0440795 0.0028348 0.6942052 -0.0121562 0.7196689
362.593400 -21.0121536 -92.2682953 0.9692729 0.0005142 0.6942555 -0.0147679 0.7195770
362.904400 -18.3277626 -92.1541901 0.8666639 -0.0018453 0.6944631 -0.0143744 0.7193823
363.111600 -16.6735477 -92.0815506 0.8003922 -0.0017447 0.6944900 -0.0151143 0.7193415
363.215400 -15.8763332 -92.0538025 0.7721618 -0.0005115 0.6943439 -0.0147536 0.7194920
363.319000 -15.1008892 -92.0287018 0.7440389 -0.0003886 0.6940865 -0.0147352 0.7197407
363.422600 -14.3660069 -91.9918060 0.7144483 -0.0010350 0.6941832 -0.0146214 0.7196491
363.526300 -13.6479912 -91.9598618 0.6839814 -0.0014070 0.6943147 -0.0151861 0.7195100
363.629900 -12.9580736 -91.9311676 0.6534134 -0.0017332 0.6947696 -0.0151644 0.7190704
363.733700 -12.2907991 -91.9089203 0.6315778 -0.0022504 0.6955859 -0.0144465 0.7182941
364.148500 -9.9556198 -91.8547821 0.5439770 -0.0046213 0.7025568 -0.0121320 0.7115092
364.977800 -6.8911047 -91.9741898 0.4263053 0.0059458 0.7271663 -0.0146921 0.6862783
366.221800 -4.2042866 -92.5350571 0.2788937 0.0129020 0.7920964 -0.0133674 0.6101133
367.051800 -2.1667671 -93.6912079 0.1749396 0.0154276 0.8748785 -0.0032000 0.4840861
367.466900 -1.0546341 -94.8190460 0.1339183 0.0177532 0.9230719 0.0023747 0.3842103
367.881700 -0.0922737 -96.3775024 0.1341418 0.0188043 0.9653802 -0.0002060 0.2601681
368.296000 0.5307770 -98.4280472 0.1250828 0.0233292 0.9900386 0.0032988 0.1388107
368.606600 0.7615490 -100.2300568 0.1400195 0.0221223 0.9979056 0.0041604 0.0606446
368.916700 0.8029982 -102.2475281 0.1595582 0.0279090 0.9995287 0.0061515 0.0112059
369.226300 0.7575810 -104.4688492 0.1757609 0.0321804 0.9994361 0.0066207 -0.0069389
369.432800 0.7345104 -106.0650024 0.1945442 0.0324994 0.9994096 0.0055826 -0.0096525
369.639400 0.7062161 -107.7418213 0.2173747 0.0321367 0.9994094 0.0068362 -0.0100646
369.742800 0.6933134 -108.6134338 0.2275215 0.0326956 0.9993820 0.0083987 -0.0098048
369.949600 0.6704245 -110.4152069 0.2441368 0.0327926 0.9993873 0.0092008 -0.0080608
370.156600 0.6591759 -112.2877350 0.2742286 0.0333319 0.9994225 0.0035911 -0.0055433
370.571100 0.6629072 -116.3133316 0.2996931 0.0309670 0.9994656 0.0101768 -0.0024389
370.881900 0.6552746 -119.5390244 0.3444822 0.0353684 0.9993672 0.0035736 -0.0012212
371.192900 0.6628671 -122.9106369 0.3471540 0.0337427 0.9994167 0.0052631 -0.0001582
371.503800 0.6958086 -126.3795624 0.3836498 0.0344183 0.9993439 0.0112637 0.0004879
371.815000 0.7099324 -129.9360504 0.4168558 0.0350629 0.9993696 0.0052536 0.0018380
372.022300 0.7392993 -132.3561096 0.4287602 0.0351766 0.9993381 0.0089904 0.0022603
372.229500 0.7472175 -134.8068085 0.4427098 0.0362792 0.9993200 0.0057165 0.0032600
372.437000 0.7813776 -137.2551422 0.4376292 0.0358468 0.9993420 0.0039022 0.0039306
372.644200 0.8220286 -139.7395630 0.4336801 0.0336490 0.9993999 0.0071035 0.0041375
372.851600 0.8565429 -142.2305450 0.4470544 0.0310254 0.9994670 0.0096278 0.0032474
373.058800 0.8769224 -144.7169342 0.4642285 0.0315662 0.9994753 0.0070035 0.0019213
373.369800 0.8805202 -148.4584808 0.4560927 0.0321020 0.9994743 0.0045365 0.0002744
373.680800 0.9073527 -152.2566376 0.4625819 0.0291729 0.9995207 0.0103383 -0.0005858
373.888100 0.9335034 -154.7846222 0.4896655 0.0259604 0.9995937 0.0117115 -0.0011599
374.095400 0.9386760 -157.2991791 0.5157380 0.0228436 0.9997162 0.0066778 -0.0010686
374.302700 0.9558203 -159.8121185 0.5165921 0.0202925 0.9997795 0.0053362 -0.0008865
374.510000 0.9611213 -162.3209229 0.5167475 0.0207238 0.9997472 0.0087214 -0.0002901
374.717200 0.9730464 -164.8537445 0.5339513 0.0210370 0.9997297 0.0098906 0.0004368
374.924700 0.9884998 -167.4012909 0.5514374 0.0213609 0.9997218 0.0099489 0.0010396
375.131900 1.0134841 -169.9412231 0.5718315 0.0211537 0.9997176 0.0106762 0.0018053
375.339400 1.0431826 -172.4626312 0.5932401 0.0197199 0.9997805 0.0068113 0.0018995
375.546600 1.0729477 -174.9767456 0.5945864 0.0199695 0.9997540 0.0095213 0.0015797
375.754000 1.1011403 -177.5014954 0.6019516 0.0204191 0.9997156 0.0122980 0.0007901
375.961300 1.1036440 -180.0167542 0.6350224 0.0223312 0.9996835 0.0115569 0.0007947
376.168600 1.1111474 -182.5177307 0.6552494 0.0245645 0.9996529 0.0094811 0.0008448
376.272200 1.1168761 -183.7683105 0.6651318 0.0258785 0.9996139 0.0100434 0.0012136
376.375800 1.1266100 -185.0136871 0.6739829 0.0275514 0.9995486 0.0119013 0.0014181
376.583000 1.1283472 -187.4757690 0.7034111 0.0312707 0.9994261 0.0127874 0.0024672
376.686800 1.1362050 -188.7012177 0.7125683 0.0329593 0.9993942 0.0108289 0.0027663
376.894000 1.1530778 -191.1113434 0.7248199 0.0342712 0.9993472 0.0108322 0.0036636
377.101200 1.1760800 -193.4749451 0.7410855 0.0363610 0.9992260 0.0143621 0.0043478
377.412300 1.2140681 -196.8969269 0.7764826 0.0394640 0.9991022 0.0144663 0.0053005
377.619700 1.2544785 -199.0901794 0.7968245 0.0383093 0.9991802 0.0118787 0.0055023
377.930600 1.2985940 -202.2811279 0.8142219 0.0352494 0.9992940 0.0124567 0.0037213
378.138000 1.3166821 -204.3280334 0.8285410 0.0355001 0.9993033 0.0114505 0.0012488
378.345300 1.3174367 -206.3133698 0.8393860 0.0364995 0.9992576 0.0122669 -0.0012763
378.552600 1.3070219 -208.2141113 0.8508849 0.0378234 0.9991902 0.0132743 -0.0034832
378.656200 1.2921076 -209.1376953 0.8616872 0.0395580 0.9991033 0.0143715 -0.0046041
378.760000 1.2813456 -210.0301666 0.8713303 0.0392165 0.9990937 0.0156176 -0.0054719
378.863500 1.2680390 -210.9047699 0.8814182 0.0389336 0.9990903 0.0161118 -0.0065726
378.967300 1.2606299 -211.7369385 0.8887486 0.0386177 0.9991135 0.0148978 -0.0076774
379.071100 1.2482843 -212.5487671 0.8955250 0.0379937 0.9991654 0.0122088 -0.0087109
379.174700 1.2369297 -213.3366394 0.8995125 0.0374722 0.9991938 0.0106628 -0.0096839
379.278200 1.2255216 -214.1040039 0.9080734 0.0373272 0.9991850 0.0111991 -0.0105164
379.485700 1.2032433 -215.5588074 0.9107695 0.0369614 0.9991497 0.0140922 -0.0116230
380.003300 1.2286124 -218.6807098 0.9196732 0.0308099 0.9994771 0.0097460 0.0011081
380.623800 1.5632210 -221.7391357 0.9046397 0.0321126 0.9961644 0.0113388 0.0806022
381.140000 2.4909668 -223.8203125 0.8874130 0.0288379 0.9710305 0.0199953 0.2363648
381.759900 4.5632858 -225.7164612 0.9050460 0.0230365 0.8932220 0.0216010 0.4485056
382.277500 7.0004234 -226.5317841 0.8742537 0.0376980 0.7840548 0.0128597 0.6194123
382.589100 8.6404638 -226.5743256 0.8215318 0.0324863 0.7202880 0.0100743 0.6928408
383.005600 10.9473095 -226.3152618 0.7297072 0.0234181 0.6715783 0.0029076 0.7405577
383.526700 14.1314154 -225.8893585 0.6288694 0.0233841 0.6619576 -0.0012789 0.7491754
383.942600 17.0032959 -225.5488586 0.5143723 0.0276647 0.6639272 0.0005765 0.7472851
384.150400 18.5648174 -225.3653870 0.4487211 0.0243717 0.6679623 -0.0020761 0.7437930
384.358100 20.2015114 -225.1897583 0.3776548 0.0210525 0.6747239 -0.0067191 0.7377393
384.461900 21.0441895 -225.1182098 0.3473450 0.0186986 0.6785070 -0.0070496 0.7343221
384.565700 21.9123478 -225.0508270 0.3143191 0.0153663 0.6823469 -0.0073380 0.7308302
384.773200 23.7088051 -224.9470520 0.2469514 0.0126972 0.6896650 -0.0086060 0.7239661
385.084100 26.5214901 -224.8544922 0.1571567 0.0139819 0.6973581 -0.0047486 0.7165707
385.395100 29.4843464 -224.7839203 0.0793175 0.0124711 0.6997202 -0.0007888 0.7143077
385.809700 33.5774498 -224.6768341 -0.0454068 0.0125292 0.7015535 -0.0069582 0.7124727
386.017000 35.6944199 -224.6426544 -0.1177282 0.0117793 0.7029938 -0.0068945 0.7110650
386.224300 37.8464699 -224.6109467 -0.1886148 0.0090255 0.7044556 -0.0075724 0.7096503
386.431500 40.0171509 -224.5832825 -0.2695342 0.0086189 0.7053670 -0.0070251 0.7087550
386.638700 42.1902924 -224.5573883 -0.3375832 0.0095687 0.7052132 -0.0079868 0.7088857
386.845900 44.3771324 -224.5210266 -0.4082105 0.0061475 0.7051381 -0.0060935 0.7090171
387.053200 46.5681381 -224.5027466 -0.4677885 0.0057033 0.7042994 -0.0077435 0.7098380
387.260500 48.7540817 -224.4745178 -0.5404783 0.0093141 0.7027422 -0.0085730 0.7113319
387.467800 50.9455643 -224.4365234 -0.6234269 0.0082363 0.7017537 -0.0058800 0.7123478
387.778700 54.1963310 -224.3617554 -0.7309304 0.0072568 0.7012188 -0.0085521 0.7128579
388.089700 57.4333115 -224.3034210 -0.8386028 0.0046820 0.7032444 -0.0069816 0.7108985
388.400800 60.6163979 -224.2713776 -0.9374694 0.0060526 0.7068935 -0.0095630 0.7072294
388.711800 63.7676163 -224.2691193 -1.0544214 0.0037348 0.7110289 -0.0094627 0.7030891
389.022700 66.8187637 -224.3177338 -1.1539752 0.0030520 0.7148917 -0.0063505 0.6991997
389.333700 69.7000885 -224.3906097 -1.2523065 0.0086808 0.7174591 -0.0062063 0.6965188
389.541100 71.5325165 -224.4440613 -1.3312790 0.0117453 0.7182453 -0.0054636 0.6956694
389.748400 73.2985611 -224.4952850 -1.4050756 0.0128619 0.7184345 -0.0035765 0.6954665
389.955500 75.0480957 -224.5505066 -1.4695323 0.0164585 0.7161059 -0.0016692 0.6977956
390.162700 76.7874298 -224.5750122 -1.5353802 0.0175708 0.7100863 0.0021240 0.7038922
390.680500 81.0605392 -224.4045258 -1.7149105 0.0208676 0.6879874 -0.0073644 0.7253852
391.199200 85.4705429 -224.0410614 -1.9424810 0.0166309 0.6820326 -0.0142201 0.7309943
391.614100 89.2035599 -223.7683258 -2.1017494 0.0052280 0.6854772 -0.0055024 0.7280545
391.821400 91.1649017 -223.6373901 -2.1479063 0.0023284 0.6896521 -0.0103669 0.7240629
392.028700 93.1629333 -223.5391846 -2.1888633 0.0049991 0.6942591 -0.0148156 0.7195553
392.132500 94.2143173 -223.5092163 -2.2187448 0.0027264 0.6964608 -0.0096588 0.7175246
392.236100 95.2685547 -223.4840088 -2.2475893 0.0025285 0.6982567 -0.0075325 0.7158034
392.340100 96.3211594 -223.4584351 -2.2726245 0.0067990 0.6997384 -0.0105609 0.7142887
392.547100 98.4801102 -223.4021149 -2.3393173 0.0060988 0.7025968 -0.0165637 0.7113692
392.754400 100.6964264 -223.3573151 -2.4255648 0.0022893 0.7064632 -0.0190905 0.7074885
393.065500 104.1111755 -223.3860016 -2.5775366 0.0134141 0.7117529 -0.0177770 0.7020768
393.376500 107.6672363 -223.4566193 -2.7197933 0.0080309 0.7179083 -0.0106749 0.6960095
393.687200 111.1973495 -223.5833282 -2.8630500 0.0114677 0.7209373 -0.0097539 0.6928368
393.997900 114.7246704 -223.7029877 -2.9985902 0.0099833 0.7208599 -0.0074754 0.6929685
394.308500 118.2010651 -223.8420563 -3.1592097 0.0212894 0.7147874 -0.0037632 0.6990076
394.619200 121.6961899 -223.8541718 -3.3088286 0.0163601 0.7083900 -0.0052672 0.7056119
394.930200 125.1633301 -223.8217773 -3.4737434 0.0152537 0.7052047 -0.0086405 0.7087870
395.137500 127.4830475 -223.8090515 -3.5716560 0.0130164 0.7037872 -0.0015107 0.7102900
395.344800 129.7640076 -223.7690125 -3.6410348 0.0122218 0.7034476 -0.0045952 0.7106271
395.552000 132.0380402 -223.7341766 -3.7340534 0.0158243 0.7032050 -0.0070695 0.7107758
395.760100 134.3162994 -223.7029724 -3.8245399 0.0150164 0.7012858 -0.0011629 0.7127211
395.966800 136.5853271 -223.6526642 -3.9048867 0.0135353 0.6992018 0.0019555 0.7147936
396.070400 137.7059631 -223.6172485 -3.9411116 0.0129525 0.6984068 0.0005348 0.7155836
396.174100 138.8209076 -223.5738678 -3.9740894 0.0120283 0.6975709 -0.0021179 0.7164117
396.381200 141.0438843 -223.4929352 -4.0591393 0.0143019 0.6961296 -0.0054656 0.7177529
396.692200 144.3704529 -223.3729553 -4.1903043 0.0117936 0.6946471 0.0003549 0.7192539
397.003300 147.6334381 -223.2342224 -4.2948623 0.0118028 0.6947780 -0.0023130 0.7191237
397.314300 150.8560791 -223.1080322 -4.4082475 0.0126581 0.6945723 -0.0011827 0.7193105
397.521500 152.9660187 -223.0295868 -4.4933696 0.0184416 0.6943231 -0.0034690 0.7194188
397.728800 155.0949097 -222.9513702 -4.5812092 0.0155686 0.6940192 -0.0004162 0.7197880
397.936100 157.2053528 -222.8447113 -4.6608858 0.0156269 0.6955356 -0.0079278 0.7182779
398.143400 159.3249969 -222.7513428 -4.7531619 0.0110127 0.6980529 -0.0105223 0.7158842
398.454400 162.5332336 -222.6825409 -4.8800879 0.0130375 0.7028783 -0.0083036 0.7111422
398.765200 165.7557831 -222.6806946 -5.0226164 0.0203841 0.7070607 -0.0052110 0.7068398
398.972600 167.9316406 -222.7006226 -5.1100831 0.0207044 0.7088466 0.0029587 0.7050525
399.179800 170.1091461 -222.7138977 -5.1779747 0.0220108 0.7100814 0.0040519 0.7037638
399.283400 171.1929016 -222.7163849 -5.2195959 0.0209804 0.7105149 0.0032026 0.7033620
399.387100 172.2858429 -222.7222595 -5.2560902 0.0183875 0.7115036 0.0024950 0.7024375
399.594400 174.4867554 -222.7337799 -5.3318844 0.0144959 0.7143537 -0.0029944 0.6996282
400.009000 178.9841919 -222.8521576 -5.4814215 0.0107461 0.7207292 -0.0046873 0.6931176
400.319800 182.3793488 -222.9949188 -5.5934334 0.0107260 0.7233568 -0.0020624 0.6903880
400.527200 184.6401215 -223.0942688 -5.6599064 0.0107203 0.7243334 -0.0017774 0.6893643
400.734400 186.9054565 -223.2047882 -5.7323208 0.0097349 0.7253051 -0.0009000 0.6883581
400.941700 189.1530609 -223.3235626 -5.7970572 0.0118537 0.7262564 -0.0007568 0.6873213
401.252700 192.5086975 -223.5128937 -5.9050732 0.0140322 0.7285164 -0.0016413 0.6848826
401.563700 195.8255768 -223.7359924 -6.0210028 0.0118949 0.7324007 0.0011931 0.6807689
401.874700 199.0606689 -223.9933777 -6.1195745 0.0095327 0.7387061 -0.0002361 0.6739603
402.082100 201.1484070 -224.2012329 -6.1848459 0.0105379 0.7431910 -0.0008245 0.6689958
402.289400 203.1712952 -224.4290619 -6.2582521 0.0122008 0.7459504 0.0008197 0.6658893
402.393000 204.1555939 -224.5460815 -6.2870893 0.0134223 0.7468649 0.0010957 0.6648394
402.600300 206.0994720 -224.7823486 -6.3449211 0.0126265 0.7483587 0.0052834 0.6631531
402.911100 208.8737183 -225.1302948 -6.4338040 0.0198757 0.7505052 0.0009045 0.6605650
403.118400 210.6489563 -225.3537445 -6.4934988 0.0125743 0.7532417 0.0036197 0.6576138
403.325900 212.3242340 -225.5857849 -6.5456371 0.0083119 0.7580023 0.0034977 0.6521894
403.533300 213.8990936 -225.8474731 -6.5796871 0.0091385 0.7642461 0.0030322 0.6448528
403.948200 216.6925354 -226.4514923 -6.6735187 0.0199789 0.7834471 -0.0011552 0.6211361
404.466600 219.7093506 -227.3733521 -6.7931013 0.0285277 0.8011062 0.0153308 0.5976453
404.880800 221.8071594 -228.0369568 -6.8440061 0.0335142 0.8013275 0.0184376 0.5970017
405.295100 223.6583557 -228.5397949 -6.9044971 0.0319050 0.7918181 0.0177334 0.6096652
405.605800 224.9037170 -228.8095093 -6.9417906 0.0349365 0.7773222 0.0167679 0.6279081
406.020100 226.5229187 -228.9946594 -7.0012035 0.0301085 0.7500268 0.0134127 0.6605857
406.434800 228.1060638 -229.0496979 -7.0586476 0.0262084 0.7259727 0.0088600 0.6871668
406.642200 228.9130249 -229.0514984 -7.0877609 0.0236049 0.7196850 0.0042348 0.6938865
406.849700 229.7530060 -229.0600586 -7.1177406 0.0206953 0.7176632 0.0021786 0.6960794
406.953500 230.1812744 -229.0700226 -7.1336522 0.0195490 0.7181064 0.0016864 0.6956567
407.057300 230.6127625 -229.0827789 -7.1505036 0.0182180 0.7192265 0.0008910 0.6945361
407.161100 231.0438690 -229.0977631 -7.1665959 0.0175752 0.7204497 0.0002748 0.6932844
407.368500 231.9064178 -229.1341248 -7.1970015 0.0150932 0.7248008 -0.0025757 0.6887883
407.887000 234.0413055 -229.3171082 -7.2672777 0.0102935 0.7432568 -0.0037957 0.6689163
408.716000 237.0905762 -229.8173523 -7.3736567 0.0115721 0.7693297 -0.0060613 0.6387184
409.750600 240.2394714 -230.2792053 -7.4789753 0.0202847 0.7279499 -0.0075608 0.6852884
410.370900 242.3782043 -229.9811707 -7.5527697 0.0167700 0.6386928 -0.0099128 0.7692152
410.991500 244.7572174 -228.8915405 -7.6895533 0.0185104 0.5038910 -0.0101706 0.8635090
411.509100 246.6975098 -227.0635376 -7.7727566 0.0150309 0.3629385 -0.0076484 0.9316604
411.820000 247.7008820 -225.5347443 -7.8240385 0.0119730 0.2777031 -0.0066640 0.9605692
412.131500 248.5273438 -223.7289429 -7.8683805 0.0074390 0.2103564 -0.0080768 0.9775631
412.442800 249.2271576 -221.6802673 -7.9053469 0.0061713 0.1563990 -0.0065902 0.9876527
412.650400 249.6180878 -220.2074585 -7.9390597 0.0114430 0.1281013 -0.0034831 0.9916890
412.961800 250.1209259 -217.7726746 -7.9929829 0.0090716 0.0896989 0.0029544 0.9959232
413.273100 250.4798279 -215.1116028 -8.0414906 0.0082321 0.0633832 -0.0003324 0.9979553
413.688600 250.9089508 -211.2662811 -8.1177168 0.0089422 0.0565970 -0.0039276 0.9983493
413.999700 251.2511902 -208.1442871 -8.1723871 0.0077484 0.0546928 -0.0033989 0.9984674
414.207100 251.4798889 -205.9818726 -8.2130480 0.0065657 0.0533498 -0.0046179 0.9985436
414.517800 251.8099823 -202.6830597 -8.2816362 0.0051635 0.0504389 -0.0047149 0.9987026
414.725000 252.0330658 -200.4098816 -8.3203745 0.0065041 0.0476378 -0.0039506 0.9988357
414.932100 252.2402954 -198.0986633 -8.3626318 0.0044889 0.0445233 -0.0031147 0.9989934
415.243000 252.5419769 -194.5506287 -8.3971453 -0.0029615 0.0392026 -0.0000341 0.9992269
415.450200 252.7054138 -192.1936646 -8.4278450 0.0069105 0.0363022 -0.0019860 0.9993150
415.657400 252.8591156 -189.8233948 -8.5097179 0.0117046 0.0336958 -0.0051491 0.9993503
415.864800 252.9913025 -187.4445190 -8.5682993 0.0013127 0.0302053 -0.0064441 0.9995221
416.175600 253.1581879 -183.8641968 -8.6128569 0.0010421 0.0220694 -0.0072459 0.9997296
416.382900 253.2308197 -181.5335083 -8.6513100 0.0002928 0.0163838 -0.0067257 0.9998431
416.693600 253.3020630 -178.0306396 -8.7031145 -0.0017252 0.0077922 -0.0047405 0.9999569
416.900800 253.3161163 -175.7093048 -8.7302303 -0.0014495 0.0021192 -0.0025667 0.9999934
417.108100 253.3107147 -173.3818207 -8.7595987 -0.0019156 -0.0032912 -0.0017609 0.9999912
417.315300 253.2722778 -171.1049194 -8.7854424 -0.0000586 -0.0076249 0.0005554 0.9999708
417.522500 253.2227478 -168.8110199 -8.8149557 -0.0011529 -0.0126406 0.0029037 0.9999152
417.729800 253.1501160 -166.5465698 -8.8427992 -0.0002404 -0.0178152 0.0049484 0.9998291
417.937100 253.0535889 -164.2889252 -8.8730278 -0.0024032 -0.0220055 0.0066202 0.9997330
418.144300 252.9344635 -162.0275421 -8.8980160 -0.0010577 -0.0257913 0.0063813 0.9996464
418.351500 252.8025055 -159.7678223 -8.9230452 -0.0000471 -0.0291053 0.0057498 0.9995598
418.558800 252.6691742 -157.4810638 -8.9443932 0.0002186 -0.0327162 0.0064875 0.9994436
418.766000 252.5071716 -155.2020721 -8.9800138 0.0009150 -0.0361883 0.0072723 0.9993181
419.076900 252.2190399 -151.7693787 -9.0279942 0.0002811 -0.0412383 0.0052285 0.9991356
419.284100 252.0055847 -149.4735107 -9.0537386 0.0005567 -0.0447152 0.0048189 0.9989880
419.491300 251.7795563 -147.1573029 -9.0816946 0.0000721 -0.0481205 0.0057187 0.9988252
419.698600 251.5363312 -144.8434296 -9.1101713 -0.0009260 -0.0517567 0.0051687 0.9986459
419.905700 251.2788391 -142.5073700 -9.1329708 -0.0006239 -0.0554161 0.0033095 0.9984577
420.112900 250.9966125 -140.1621246 -9.1565371 0.0009830 -0.0591173 0.0008074 0.9982502
420.216500 250.8425751 -138.9903412 -9.1671782 0.0012666 -0.0608384 -0.0008448 0.9981465
420.423700 250.5389099 -136.6196289 -9.2029591 -0.0004273 -0.0650391 -0.0018932 0.9978808
420.631000 250.2079315 -134.2384338 -9.2343597 -0.0000591 -0.0694344 -0.0018426 0.9975848
420.838100 249.8553925 -131.8745117 -9.2527084 -0.0002352 -0.0742726 -0.0017635 0.9972364
421.148800 249.2834930 -128.3097687 -9.2718983 -0.0033978 -0.0824384 -0.0037802 0.9965832
421.356000 248.8701019 -125.9063263 -9.2828474 -0.0018155 -0.0884635 -0.0044869 0.9960676
421.563200 248.4235077 -123.5148315 -9.2932911 -0.0002230 -0.0942469 -0.0046291 0.9955381
421.770400 247.9418640 -121.1140442 -9.3047476 -0.0017067 -0.0995630 -0.0061597 0.9950107
421.874100 247.6842041 -119.8996887 -9.3121672 -0.0031231 -0.1020143 -0.0069035 0.9947541
422.081400 247.1527557 -117.4763947 -9.3163185 -0.0041001 -0.1069861 -0.0078175 0.9942213
422.184900 246.8804321 -116.2642365 -9.3194704 -0.0032605 -0.1096504 -0.0065676 0.9939432
422.392200 246.3218994 -113.8337860 -9.3337440 -0.0032446 -0.1158236 -0.0027293 0.9932607
422.495800 246.0306702 -112.6222076 -9.3397465 -0.0035861 -0.1187863 -0.0015559 0.9929121
422.703100 245.4245605 -110.2234192 -9.3547087 -0.0058565 -0.1241761 -0.0012764 0.9922421
422.910300 244.8019104 -107.8012695 -9.3543301 -0.0052667 -0.1288457 -0.0005588 0.9916505
423.221100 243.8313599 -104.2419739 -9.3850985 -0.0010621 -0.1346095 0.0013282 0.9908973
423.428300 243.1526947 -101.8520966 -9.3953915 -0.0047306 -0.1379854 0.0009595 0.9904225
423.635700 242.4606018 -99.4840393 -9.4002705 -0.0046609 -0.1418037 0.0009073 0.9898834
423.842900 241.7500305 -97.1249237 -9.4139633 -0.0040389 -0.1459480 0.0013551 0.9892831
423.946500 241.3869629 -95.9422913 -9.4190063 -0.0028408 -0.1487611 0.0021741 0.9888667
424.153800 240.6451874 -93.6226807 -9.4438124 -0.0022050 -0.1539121 0.0036770 0.9880753
424.257400 240.2628174 -92.4555511 -9.4437094 -0.0035821 -0.1562782 0.0035072 0.9877003
424.464700 239.4867096 -90.0992889 -9.4494171 -0.0075272 -0.1614749 0.0048817 0.9868360
424.671900 238.6830902 -87.7855072 -9.4568367 -0.0071169 -0.1653921 0.0069434 0.9861777
424.879100 237.8559723 -85.4795074 -9.4674263 -0.0035327 -0.1687592 0.0066186 0.9856287
425.086300 237.0096130 -83.1575394 -9.4846287 -0.0042115 -0.1714924 0.0038219 0.9851691
425.293500 236.1501160 -80.8320007 -9.4946556 -0.0048479 -0.1738981 0.0021787 0.9847493
425.500900 235.2971344 -78.5253677 -9.5162373 -0.0036127 -0.1764966 0.0019596 0.9842927
425.708100 234.4364624 -76.2425766 -9.5227642 -0.0051291 -0.1787222 0.0020007 0.9838842
425.915400 233.5644531 -73.9634018 -9.5296602 -0.0063862 -0.1816126 0.0020651 0.9833472
426.122600 232.6674957 -71.6929398 -9.5321674 -0.0037959 -0.1850116 0.0016975 0.9827275
426.329700 231.7649536 -69.4217911 -9.5475731 -0.0044364 -0.1886944 0.0015990 0.9820246
426.536900 230.8360748 -67.1565857 -9.5587654 -0.0067842 -0.1924450 0.0006256 0.9812841
426.744000 229.8841553 -64.9080963 -9.5605192 -0.0055016 -0.1965697 -0.0031447 0.9804694
426.951400 228.9208832 -62.6937408 -9.5588245 -0.0024892 -0.2005312 -0.0069781 0.9796593
427.158600 227.9530487 -60.4792328 -9.5633793 -0.0035156 -0.2053145 -0.0073388 0.9786622
427.262200 227.4517822 -59.3732376 -9.5642691 -0.0054329 -0.2079732 -0.0080614 0.9780862
427.365900 226.9520264 -58.2784271 -9.5621319 -0.0068960 -0.2106174 -0.0081544 0.9775102
427.573100 225.9234467 -56.0771484 -9.5403528 -0.0060271 -0.2157161 -0.0084498 0.9764010
427.780400 224.8922577 -53.9155807 -9.5420036 -0.0057904 -0.2206869 -0.0091023 0.9752851
427.987700 223.8352203 -51.7889099 -9.5357466 -0.0043881 -0.2247462 -0.0106843 0.9743489
428.195000 222.7723541 -49.6641159 -9.5318594 -0.0052869 -0.2285050 -0.0118774 0.9734559
428.402300 221.6957092 -47.5472488 -9.5199423 -0.0077376 -0.2324495 -0.0105967 0.9725199
428.609500 220.6089172 -45.4384689 -9.5078716 -0.0084783 -0.2362875 -0.0077965 0.9716149
428.816700 219.4972229 -43.3382263 -9.4959068 -0.0105163 -0.2400648 -0.0065330 0.9706779
429.023800 218.3731537 -41.2525787 -9.4792347 -0.0079159 -0.2439528 -0.0050918 0.9697415
429.231100 217.2283630 -39.1727219 -9.4659214 -0.0089338 -0.2478900 -0.0063148 0.9687264
429.438300 216.0592041 -37.0898438 -9.4403906 -0.0073858 -0.2517326 -0.0079058 0.9677364
429.645400 214.8679199 -35.0059662 -9.4152937 -0.0054763 -0.2560337 -0.0086858 0.9666133
429.852600 213.6595764 -32.9252777 -9.4110270 -0.0042359 -0.2599874 -0.0058622 0.9655849
430.059900 212.4239960 -30.8110580 -9.4144363 -0.0065630 -0.2649838 -0.0025569 0.9642271
430.267100 211.1593475 -28.7370911 -9.4089804 -0.0049953 -0.2692704 -0.0019335 0.9630497
430.370700 210.5151978 -27.6928864 -9.4077482 -0.0052344 -0.2714885 -0.0019120 0.9624255
430.578100 209.2033691 -25.6191864 -9.4037828 -0.0082374 -0.2758129 -0.0029799 0.9611714
430.681700 208.5418396 -24.5831146 -9.3970232 -0.0075553 -0.2780553 -0.0045845 0.9605244
430.785400 207.8699036 -23.5552673 -9.3852463 -0.0062146 -0.2800195 -0.0061285 0.9599547
430.889000 207.2048187 -22.5421982 -9.3867111 -0.0052744 -0.2820511 -0.0080609 0.9593510
430.992800 206.5318756 -21.5224609 -9.3829794 -0.0058029 -0.2839801 -0.0095380 0.9587651
431.096400 205.8588867 -20.4924164 -9.3809204 -0.0065844 -0.2859924 -0.0098318 0.9581589
431.303700 204.5030975 -18.4627304 -9.3652134 -0.0069785 -0.2900326 -0.0099890 0.9569392
431.511000 203.1192932 -16.4371948 -9.3486805 -0.0079344 -0.2935547 -0.0128618 0.9558228
431.718200 201.7274628 -14.4376221 -9.3213463 -0.0074292 -0.2967830 -0.0146783 0.9548032
432.029000 199.6326599 -11.4792709 -9.2997808 -0.0038771 -0.3024080 -0.0132959 0.9530780
432.236300 198.2168579 -9.5185165 -9.2930584 -0.0050817 -0.3055599 -0.0149259 0.9520423
432.443500 196.8104401 -7.5856934 -9.2777519 -0.0069041 -0.3095844 -0.0141570 0.9507415
432.650600 195.3848114 -5.6833954 -9.2599773 -0.0065728 -0.3145999 -0.0132467 0.9491092
432.857700 193.9261932 -3.7677536 -9.2315588 -0.0090851 -0.3187949 -0.0153222 0.9476563
433.065000 192.4699402 -1.8647766 -9.1926575 -0.0107872 -0.3236771 -0.0120441 0.9460294
433.272200 190.9914246 0.0204239 -9.1495552 -0.0116218 -0.3288773 -0.0114329 0.9442319
433.583000 188.7114258 2.8170395 -9.0728550 -0.0116176 -0.3359245 -0.0125968 0.9417330
433.894000 186.3987122 5.5989532 -9.0099049 -0.0097972 -0.3422464 -0.0089489 0.9395165
434.101200 184.8059540 7.4779663 -8.9737320 -0.0105914 -0.3459762 -0.0092894 0.9381375
434.308600 183.1802063 9.3521118 -8.9244795 -0.0119923 -0.3497305 -0.0087271 0.9367329
434.515800 181.5411987 11.2140579 -8.8848763 -0.0095499 -0.3541028 -0.0063170 0.9351364
434.723200 179.8553467 13.0783539 -8.8468513 -0.0078731 -0.3581638 -0.0076531 0.9335942
434.930500 178.1582336 14.9097977 -8.8174295 -0.0060768 -0.3619177 -0.0105042 0.9321311
435.034200 177.3105164 15.8069229 -8.7998953 -0.0059909 -0.3638003 -0.0114344 0.9313875
435.137800 176.4621582 16.7215652 -8.7947369 -0.0071844 -0.3660713 -0.0113895 0.9304894
435.345100 174.7352600 18.5428009 -8.7622585 -0.0077349 -0.3700710 -0.0123356 0.9288894
435.448800 173.8591003 19.4495697 -8.7385654 -0.0075523 -0.3720368 -0.0121554 0.9281077
435.656100 172.0828400 21.2707062 -8.7072783 -0.0090603 -0.3764908 -0.0131327 0.9262830
435.863400 170.2928314 23.0693817 -8.6696272 -0.0068516 -0.3808185 -0.0122121 0.9245438
436.174300 167.5326233 25.7859039 -8.6211796 -0.0093891 -0.3868263 -0.0133534 0.9220081
436.381400 165.6601410 27.5833740 -8.5747547 -0.0079368 -0.3904407 -0.0167849 0.9204409
436.588600 163.7745514 29.3584595 -8.5345402 -0.0048432 -0.3933503 -0.0197988 0.9191627
436.796000 161.8691406 31.1459427 -8.4976215 -0.0053467 -0.3957270 -0.0201859 0.9181308
437.003200 159.9633484 32.9193497 -8.4564667 -0.0069755 -0.3973166 -0.0191953 0.9174543
437.210600 158.0407562 34.6932831 -8.4074688 -0.0066126 -0.3989416 -0.0217400 0.9166948
437.417900 156.0813599 36.4717331 -8.3585863 -0.0035549 -0.3999540 -0.0241069 0.9162112
437.521500 155.1098785 37.3650284 -8.3403959 -0.0036666 -0.4006991 -0.0252639 0.9158540
437.625300 154.1296539 38.2557793 -8.3187647 -0.0052282 -0.4011602 -0.0268335 0.9155998
437.832600 152.1698761 40.0294189 -8.2576914 -0.0062749 -0.4008425 -0.0313073 0.9155904
438.040000 150.2394257 41.8041039 -8.1988506 -0.0057737 -0.3992627 -0.0296636 0.9163384
438.350700 147.3748016 44.5091782 -8.1249428 -0.0100201 -0.3978056 -0.0174738 0.9172486
438.558000 145.4559479 46.3262253 -8.0782948 -0.0105232 -0.3961517 -0.0141011 0.9180165
438.868800 142.5706940 49.0061035 -8.0072823 -0.0088435 -0.3938575 -0.0189330 0.9189339
439.179700 139.7275848 51.6914673 -7.9506750 -0.0060332 -0.3929999 -0.0190524 0.9193213
439.387000 137.8395996 53.4936676 -7.9279861 -0.0043989 -0.3928938 -0.0160910 0.9194325
439.594300 135.9487915 55.2944489 -7.9024611 -0.0072264 -0.3931342 -0.0133717 0.9193555
439.801600 134.0632324 57.0947189 -7.8670530 -0.0093337 -0.3941197 -0.0108561 0.9189476
440.112600 131.2127228 59.7639122 -7.8045254 -0.0088811 -0.3954836 -0.0127635 0.9183414
440.319800 129.3168945 61.5309296 -7.7679687 -0.0095744 -0.3958826 -0.0157384 0.9181163
440.527000 127.4190674 63.3047791 -7.7268744 -0.0081422 -0.3961284 -0.0150022 0.9180365
440.734200 125.5279694 65.0814209 -7.6881676 -0.0075201 -0.3959361 -0.0140943 0.9181391
440.941500 123.6251373 66.8678055 -7.6516147 -0.0086561 -0.3962275 -0.0150622 0.9179880
441.148700 121.7257690 68.6412506 -7.6135292 -0.0065162 -0.3959717 -0.0153223 0.9181117
441.355800 119.8070068 70.4331512 -7.5906267 -0.0043442 -0.3959519 -0.0148721 0.9181405
441.563000 117.9056396 72.1953125 -7.5644250 -0.0050804 -0.3957504 -0.0161247 0.9182025
441.770300 116.0266953 73.9564362 -7.5410290 -0.0069088 -0.3958569 -0.0181757 0.9181063
441.977500 114.1160202 75.7410965 -7.4918156 -0.0074388 -0.3958148 -0.0226281 0.9180214
442.184700 112.2366486 77.4732513 -7.4472847 -0.0034449 -0.3954719 -0.0255804 0.9181153
442.288300 111.2984085 78.3497009 -7.4221268 -0.0017115 -0.3955761 -0.0266564 0.9180447
442.495800 109.4026108 80.1082764 -7.3999124 -0.0006736 -0.3958302 -0.0279440 0.9178982
442.702700 107.5235291 81.8585815 -7.3685937 -0.0020487 -0.3957314 -0.0297277 0.9178827
442.806300 106.5781250 82.7524643 -7.3442593 -0.0026020 -0.3959744 -0.0297779 0.9177749
442.909900 105.6415176 83.6202393 -7.3301396 -0.0020688 -0.3959571 -0.0291125 0.9178051
443.117100 103.7807465 85.3817825 -7.2996569 -0.0013461 -0.3965562 -0.0262583 0.9176338
443.324400 101.9190063 87.1196213 -7.2759986 -0.0008824 -0.3968930 -0.0236480 0.9175598
443.531600 100.0228882 88.8903580 -7.2362862 -0.0047111 -0.3970115 -0.0253000 0.9174528
443.739000 98.1517029 90.6308517 -7.1860871 -0.0063836 -0.3972546 -0.0253521 0.9173360
443.946200 96.2722168 92.3889771 -7.1401253 -0.0047195 -0.3977903 -0.0222596 0.9171942
444.153400 94.3698196 94.1573257 -7.0924425 -0.0073191 -0.3981110 -0.0216703 0.9170520
444.360800 92.4767990 95.9240189 -7.0378561 -0.0095918 -0.3988176 -0.0194960 0.9167728
444.568000 90.5754471 97.6879807 -6.9819727 -0.0037770 -0.3993213 -0.0167490 0.9166502
444.775400 88.6585541 99.4355545 -6.9622087 -0.0042317 -0.3989140 -0.0192569 0.9167764
444.982600 86.7613068 101.2056580 -6.9367790 -0.0058133 -0.3987042 -0.0181280 0.9168820
445.189800 84.8693771 102.9840240 -6.9004273 -0.0048268 -0.3989797 -0.0140086 0.9168400
445.397200 82.9445038 104.7603836 -6.8781686 -0.0042746 -0.3985222 -0.0159728 0.9170096
445.708000 80.0460663 107.4559174 -6.8193407 -0.0076288 -0.3982954 -0.0185446 0.9170380
445.915400 78.1130905 109.2357559 -6.7811699 -0.0045648 -0.3984741 -0.0183927 0.9169838
446.122600 76.1958771 111.0060425 -6.7458415 -0.0050022 -0.3987506 -0.0192020 0.9168447
446.329700 74.2455139 112.7971344 -6.7196741 -0.0065608 -0.3990843 -0.0194767 0.9166839
446.537100 72.3265533 114.5755157 -6.6847043 -0.0058677 -0.3994178 -0.0200784 0.9165303
446.744300 70.3969421 116.3423691 -6.6512017 -0.0050370 -0.3996989 -0.0222227 0.9163632
446.951500 68.4746780 118.1101990 -6.6115584 -0.0058701 -0.3998562 -0.0244565 0.9162327
447.158900 66.5716476 119.8489380 -6.5667129 -0.0063499 -0.4000750 -0.0265140 0.9160768
447.366100 64.6588211 121.6018677 -6.5153103 -0.0062410 -0.3999664 -0.0277896 0.9160872
447.573500 62.7618866 123.3577576 -6.4611497 -0.0069267 -0.3993747 -0.0267967 0.9163699
447.884300 59.9581261 125.9794846 -6.3952236 -0.0071968 -0.3976911 -0.0215095 0.9172390
448.091700 58.1137810 127.7144699 -6.3472090 -0.0089457 -0.3964695 -0.0189495 0.9178087
448.298900 56.2644501 129.4590759 -6.3021722 -0.0110704 -0.3951232 -0.0187797 0.9183694
448.506200 54.4299889 131.1902466 -6.2623372 -0.0076230 -0.3938173 -0.0157610 0.9190220
448.713400 52.6131821 132.9152527 -6.2337532 -0.0070975 -0.3929155 -0.0137902 0.9194438
448.920600 50.8194923 134.6377106 -6.2079916 -0.0093038 -0.3928232 -0.0138200 0.9194631
449.127800 49.0364037 136.3296051 -6.1695127 -0.0100216 -0.3925050 -0.0146999 0.9195778
449.335200 47.2694550 138.0025635 -6.1348743 -0.0102170 -0.3922670 -0.0167062 0.9196429
449.646000 44.6787834 140.4578247 -6.0891724 -0.0097448 -0.3933597 -0.0194272 0.9191277
449.957000 42.1784630 142.8076019 -6.0341425 -0.0093387 -0.3955851 -0.0230860 0.9180916
450.164400 40.5475082 144.3271790 -5.9937124 -0.0058478 -0.3972030 -0.0228380 0.9174279
450.475200 38.1694679 146.5382843 -5.9605227 -0.0081931 -0.3994357 -0.0192356 0.9165227
450.786200 35.8978691 148.6381989 -5.9092526 -0.0097266 -0.4021242 -0.0162892 0.9153885
450.993500 34.4564896 149.9361572 -5.8836737 -0.0090019 -0.4046675 -0.0174790 0.9142525
451.200800 33.0586700 151.1746368 -5.8599539 -0.0104962 -0.4088375 -0.0204872 0.9123169
451.408100 31.7134781 152.3222198 -5.8308268 -0.0097544 -0.4142006 -0.0225077 0.9098550
451.615200 30.4026108 153.4156647 -5.8002043 -0.0078624 -0.4232662 -0.0226508 0.9056880
451.926000 28.4690514 154.9058533 -5.7502966 -0.0082619 -0.4457909 -0.0243617 0.8947674
452.236600 26.5386658 156.1780548 -5.6923914 -0.0078638 -0.4786558 -0.0278223 0.8775265
452.650700 23.8986626 157.5154877 -5.5983491 -0.0071550 -0.5399323 -0.0336565 0.8410048
452.961300 21.8536148 158.1691895 -5.5038934 -0.0069264 -0.5949660 -0.0398371 0.8027331
453.272000 19.7861900 158.5192413 -5.3826451 -0.0092114 -0.6525491 -0.0417553 0.7565390
453.582800 17.7790642 158.5238342 -5.2630649 -0.0132484 -0.7103444 -0.0434929 0.7023843
453.790300 16.4523582 158.3510742 -5.1659632 -0.0131373 -0.7469777 -0.0419575 0.6633938
453.997800 15.1644783 158.0399933 -5.0653753 -0.0139248 -0.7813493 -0.0414038 0.6225634
454.205100 13.9206390 157.5901184 -4.9636865 -0.0142385 -0.8125098 -0.0449234 0.5810395
454.412600 12.7487144 157.0304565 -4.8635054 -0.0147552 -0.8387258 -0.0468454 0.5423346
454.724100 11.0958176 156.0418701 -4.7055235 0.0056536 0.8648127 0.0461009 -0.4999417
454.931900 10.0095520 155.3471222 -4.5994911 0.0037027 0.8726079 0.0447853 -0.4863497
455.243800 8.4076538 154.3148651 -4.4647832 0.0065290 0.8757719 0.0444407 -0.4806309
455.555300 6.8313217 153.3187714 -4.3357506 0.0099599 0.8751522 0.0436196 -0.4817746
455.866500 5.2982788 152.3814392 -4.2111373 0.0126023 0.8705019 0.0431846 -0.4901047
456.177400 3.8238144 151.5384827 -4.0962224 0.0158372 0.8653842 0.0404388 -0.4992235
456.488200 2.4366989 150.7708130 -3.9837859 -0.0165707 -0.8604288 -0.0388590 0.5078167
457.006200 0.3651237 149.6928864 -3.8238018 -0.0196153 -0.8525410 -0.0403851 0.5207285
457.628200 -1.5530357 148.7576904 -3.6730838 -0.0206709 -0.8459467 -0.0380227 0.5315083
458.663600 -3.7624435 147.5913239 -3.5206187 -0.0176029 -0.8646294 -0.0272512 0.5013617
459.491800 -5.3578949 146.2509308 -3.3944955 0.0182081 0.9100111 0.0257547 -0.4133824
460.113100 -6.6848373 144.5958862 -3.2563620 0.0246835 0.9451345 0.0317312 -0.3241985
460.630900 -7.7333031 142.6952515 -3.1011515 0.0328257 0.9706620 0.0292020 -0.2364001
461.148900 -8.5937042 140.1546631 -2.9351673 0.0492537 0.9884171 0.0299093 -0.1403959
461.459900 -8.9017963 138.3466644 -2.8112326 0.0509196 0.9948432 0.0260557 -0.0837566
461.667300 -9.0435162 137.0078125 -2.7361412 0.0535277 0.9968023 0.0243920 -0.0540841
461.978500 -9.1288052 134.8789825 -2.6420033 0.0536323 0.9981114 0.0228616 -0.0193531
462.393700 -9.0784454 131.7308655 -2.4981143 0.0482347 0.9985453 0.0238266 0.0035875
462.705000 -9.0579987 129.1643372 -2.3835886 0.0500977 0.9984434 0.0239771 0.0051134
463.015900 -9.0005159 126.4802322 -2.2775846 0.0465459 0.9986734 0.0212254 0.0058587
463.223300 -8.9584866 124.6146698 -2.2042387 0.0445319 0.9987450 0.0219187 0.0067053
463.430700 -8.9167233 122.7123566 -2.1317117 0.0457372 0.9986363 0.0236464 0.0086302
463.741400 -8.8487682 119.8002319 -2.0216959 0.0485855 0.9984608 0.0224003 0.0146202
464.052300 -8.7322531 116.7682877 -1.8976068 0.0493548 0.9981915 0.0273099 0.0207872
464.363300 -8.5623970 113.6542130 -1.7654405 0.0474404 0.9983000 0.0236111 0.0242730
464.570700 -8.4488029 111.5229034 -1.6853774 0.0484238 0.9981752 0.0251285 0.0258835
464.778000 -8.3307629 109.3749237 -1.5956402 0.0520224 0.9978553 0.0286911 0.0274814
464.985300 -8.2002201 107.2204514 -1.5121906 0.0526278 0.9979091 0.0248529 0.0281081
465.192600 -8.0579758 105.0493851 -1.4292240 0.0494210 0.9980892 0.0246344 0.0277248
465.399900 -7.9147425 102.8446426 -1.3459704 0.0473439 0.9981695 0.0265937 0.0266254
465.607200 -7.7827578 100.6291656 -1.2560072 0.0441286 0.9982638 0.0295425 0.0254791
465.918000 -7.5896072 97.2770844 -1.1165490 0.0397162 0.9986095 0.0268198 0.0219614
466.229000 -7.4358644 93.8974838 -0.9798684 0.0402230 0.9986228 0.0276275 0.0192669
466.539700 -7.2856054 90.4829941 -0.8441808 0.0405422 0.9987156 0.0243133 0.0182319
466.850600 -7.1605701 87.0093155 -0.7061603 0.0465635 0.9984136 0.0262489 0.0176970
467.161400 -7.0412393 83.4922791 -0.5531802 0.0496248 0.9981332 0.0311537 0.0172340
467.472300 -6.9018569 79.9681091 -0.3916838 0.0475481 0.9984309 0.0245755 0.0164615
467.679600 -6.8007822 77.6041260 -0.3059673 0.0437907 0.9986308 0.0236274 0.0161426
467.887000 -6.7006750 75.2272034 -0.2194219 0.0426825 0.9986097 0.0262029 0.0164388
467.990600 -6.6561828 74.0365143 -0.1705184 0.0431906 0.9985592 0.0270417 0.0168199
468.198000 -6.5650368 71.6568451 -0.0754447 0.0426541 0.9985048 0.0296562 0.0170124
468.301600 -6.5139599 70.4676437 -0.0211296 0.0418542 0.9984904 0.0312166 0.0170497
468.405200 -6.4647427 69.2949753 0.0281715 0.0411616 0.9985975 0.0286083 0.0170388
468.508800 -6.4242144 68.1193771 0.0743477 0.0410153 0.9987283 0.0238634 0.0170323
468.612400 -6.3771534 66.9420547 0.1142652 0.0408454 0.9987796 0.0219545 0.0169975
468.923200 -6.2528391 63.3935013 0.2199190 0.0458196 0.9986157 0.0197620 0.0166336
469.234100 -6.1258478 59.8859634 0.3391669 0.0480797 0.9983164 0.0282582 0.0159414
469.545100 -5.9787683 56.4209061 0.4793460 0.0432977 0.9984877 0.0303487 0.0150544
469.856200 -5.8532062 53.0315628 0.6058712 0.0416450 0.9987239 0.0248818 0.0140442
470.167000 -5.7552090 49.6287003 0.7524040 0.0467401 0.9983127 0.0319714 0.0128437
