0 1498
1 1500
2 1501
3 1503
4 1505
5 1508
6 1510
7 1513
8 1516
9 1519
10 1522
11 1525
12 1528
13 1530
14 1532
15 1534
16 1536
17 1538
18 1540
19 1543
20 1547
21 1551
22 1555
23 1560
24 1564
25 1569
26 1573
27 1576
28 1579
29 1582
30 1584
31 1586
32 1589
33 1592
34 1595
35 1598
36 1601
37 1605
38 1608
39 1611
40 1614
41 1616
42 1619
43 1622
44 1625
45 1626
46 1628
47 1631
48 1633
49 1635
50 1638
51 1641
52 1644
53 1647
54 1651
55 1654
56 1656
57 1658
58 1660
59 1663
60 1666
61 1668
62 1670
63 1673
64 1677
65 1681
66 1683
67 1686
68 1688
69 1690
70 1692
71 1694
72 1696
73 1698
74 1700
75 1704
76 1708
77 1712
78 1717
79 1720
80 1723
81 1726
82 1728
83 1731
84 1733
85 1735
86 1740
87 1744
88 1747
89 1750
90 1752
91 1755
92 1758
93 1761
94 1764
95 1766
96 1769
97 1773
98 1777
99 1782
100 1788
101 1795
102 1799
103 1803
104 1806
105 1812
106 1817
107 1819
108 1821
109 1823
110 1825
111 1826
112 1828
113 1830
114 1832
115 1834
116 1836
117 1839
118 1844
119 1848
120 1850
121 1852
122 1855
123 1858
124 1861
125 1865
126 1869
127 1872
128 1876
129 1880
130 1883
131 1885
132 1887
133 1888
134 1891
135 1894
136 1898
137 1902
138 1905
139 1908
140 1911
141 1914
142 1916
143 1918
144 1920
145 1923
146 1928
147 1936
148 1945
149 1952
150 1958
151 1961
152 1965
153 1969
154 1972
155 1975
156 1978
157 1981
158 1984
159 1987
160 1989
161 1991
162 1993
163 1995
164 1999
165 2003
166 2006
167 2008
168 2010
169 2012
170 2014
171 2016
172 2019
173 2022
174 2025
175 2028
176 2030
177 2032
178 2034
179 2036
180 2038
181 2042
182 2045
183 2048
184 2050
185 2053
186 2056
187 2060
188 2063
189 2066
190 2070
191 2073
192 2075
193 2078
194 2080
195 2082
196 2085
197 2088
198 2092
199 2094
200 2097
201 2101
202 2105
203 2110
204 2114
205 2119
206 2123
207 2127
208 2131
209 2134
210 2136
211 2139
212 2142
213 2145
214 2149
215 2153
216 2157
217 2161
218 2165
219 2168
220 2171
221 2174
222 2176
223 2179
224 2182
225 2185
226 2187
227 2189
228 2191
229 2193
230 2196
231 2199
232 2202
233 2205
234 2209
235 2212
236 2215
237 2217
238 2218
239 2220
240 2221
241 2222
242 2223
243 2224
244 2225
245 2226
246 2227
247 2228
248 2229
249 2230
250 2232
251 2239
252 2248
253 2258
254 2264
255 2269
256 2273
257 2276
258 2278
259 2281
260 2283
261 2285
262 2287
263 2289
264 2291
265 2295
266 2298
267 2300
268 2303
269 2305
270 2307
271 2309
272 2312
273 2314
274 2316
275 2318
276 2321
277 2324
278 2328
279 2332
280 2335
281 2339
282 2343
283 2346
284 2349
285 2352
286 2355
287 2358
288 2360
289 2363
290 2366
291 2368
292 2371
293 2373
294 2375
295 2377
296 2379
297 2382
298 2384
299 2386
300 2387
301 2389
302 2390
303 2392
304 2393
305 2395
306 2398
307 2400
308 2402
309 2405
310 2407
311 2408
312 2410
313 2412
314 2416
315 2422
316 2430
317 2435
318 2440
319 2445
320 2448
321 2449
322 2450
323 2452
324 2455
325 2459
326 2463
327 2467
328 2472
329 2476
330 2479
331 2481
332 2483
333 2484
334 2485
335 2487
336 2490
337 2493
338 2496
339 2499
340 2502
341 2505
342 2508
343 2511
344 2514
345 2518
346 2522
347 2526
348 2529
349 2532
350 2535
351 2539
352 2543
353 2547
354 2550
355 2552
356 2554
357 2557
358 2559
359 2563
360 2567
361 2571
362 2574
363 2578
364 2582
365 2585
366 2587
367 2588
368 2589
369 2590
370 2591
371 2594
372 2600
373 2606
374 2611
375 2616
376 2621
377 2625
378 2628
379 2630
380 2634
381 2637
382 2640
383 2643
384 2646
385 2649
386 2652
387 2656
388 2660
389 2663
390 2666
391 2670
392 2675
393 2680
394 2686
395 2691
396 2696
397 2701
398 2705
399 2710
400 2715
401 2719
402 2723
403 2727
404 2731
405 2735
406 2738
407 2740
408 2743
409 2746
410 2748
411 2751
412 2754
413 2757
414 2759
415 2761
416 2764
417 2768
418 2772
419 2777
420 2781
421 2784
422 2787
423 2789
424 2792
425 2795
426 2798
427 2802
428 2806
429 2808
430 2811
431 2814
432 2818
433 2822
434 2827
435 2830
436 2833
437 2836
438 2839
439 2842
440 2847
441 2854
442 2862
443 2870
444 2876
445 2881
446 2885
447 2888
448 2892
449 2895
450 2898
451 2902
452 2906
453 2909
454 2912
455 2915
456 2919
457 2922
458 2925
459 2927
460 2929
461 2932
462 2935
463 2939
464 2943
465 2947
466 2951
467 2955
468 2958
469 2961
470 2963
471 2965
472 2968
473 2972
474 2977
475 2981
476 2984
477 2988
478 2992
479 2996
480 3001
481 3006
482 3010
483 3014
484 3018
485 3021
486 3024
487 3028
488 3031
489 3034
490 3037
491 3040
492 3043
493 3046
494 3049
495 3050
496 3052
497 3055
498 3058
499 3062
500 3066
501 3068
502 3070
503 3072
504 3074
505 3077
506 3081
507 3085
508 3089
509 3094
510 3101
511 3108
512 3113
513 3117
514 3121
515 3125
516 3129
517 3134
518 3139
519 3143
520 3147
521 3150
522 3154
523 3157
524 3159
525 3162
526 3165
527 3168
528 3171
529 3173
530 3175
531 3179
532 3182
533 3185
534 3188
535 3191
536 3194
537 3197
538 3200
539 3202
540 3204
541 3206
542 3210
543 3213
544 3216
545 3219
546 3221
547 3223
548 3225
549 3227
550 3230
551 3234
552 3237
553 3239
554 3241
555 3244
556 3248
557 3251
558 3253
559 3255
560 3259
561 3265
562 3272
563 3280
564 3285
565 3289
566 3292
567 3295
568 3298
569 3317
570 3320
571 3324
572 3327
573 3329
574 3333
575 3335
576 3336
577 3340
578 3349
579 3351
580 3354
581 3400
582 3402
583 3404
584 3415
585 3422
586 3428
587 3434
588 3438
589 3441
590 3446
591 3451
592 3454
593 3458
594 3462
595 3465
596 3468
597 3471
598 3474
599 3476
600 3477
601 3479
602 3480
603 3481
604 3482
605 3483
606 3487
607 3490
608 3492
609 3494
610 3496
611 3498
612 3501
613 3503
614 3504
615 3505
616 3506
617 3507
618 3508
619 3509
620 3513
621 3521
622 3533
623 3541
624 3545
625 3549
626 3553
627 3556
628 3559
629 3562
630 3564
631 3566
632 3567
633 3569
634 3571
635 3575
636 3578
637 3581
638 3584
639 3587
640 3589
641 3591
642 3593
643 3595
644 3597
645 3599
646 3602
647 3605
648 3607
649 3609
650 3611
651 3613
652 3615
653 3617
654 3619
655 3621
656 3623
657 3625
658 3627
659 3629
660 3630
661 3631
662 3633
663 3634
664 3636
665 3638
666 3641
667 3643
668 3646
669 3648
670 3650
671 3652
672 3653
673 3654
674 3655
675 3656
676 3657
677 3658
678 3659
679 3661
680 3666
681 3672
682 3677
683 3683
684 3688
685 3691
686 3695
687 3700
688 3704
689 3706
690 3708
691 3709
692 3710
693 3712
694 3715
695 3718
696 3722
697 3724
698 3726
699 3728
700 3730
701 3732
702 3734
703 3736
704 3738
705 3741
706 3744
707 3747
708 3750
709 3753
710 3756
711 3758
712 3760
713 3762
714 3764
715 3769
716 3774
717 3778
718 3780
719 3782
720 3783
721 3784
722 3785
723 3787
724 3789
725 3792
726 3795
727 3798
728 3801
729 3804
730 3807
731 3810
732 3812
733 3814
734 3816
735 3818
736 3820
737 3821
738 3822
739 3824
740 3827
741 3830
742 3833
743 3835
744 3837
745 3839
746 3841
747 3844
748 3847
749 3849
750 3851
751 3852
752 3853
753 3855
754 3859
755 3862
756 3864
757 3866
758 3868
759 3871
760 3874
761 3877
762 3879
763 3881
764 3882
765 3884
766 3887
767 3889
768 3891
769 3893
770 3897
771 3902
772 3906
773 3910
774 3913
775 3917
776 3921
777 3923
778 3925
779 3926
780 3927
781 3928
782 3930
783 3935
784 3943
785 3953
786 3959
787 3965
788 3970
789 3973
790 3976
791 3979
792 3981
793 3984
794 3987
795 3991
796 3994
797 3996
798 3999
799 4001
800 4003
801 4006
802 4008
803 4010
804 4012
805 4015
806 4017
807 4020
808 4022
809 4024
810 4026
811 4028
812 4030
813 4032
814 4034
815 4036
816 4038
817 4040
818 4043
819 4045
820 4047
821 4049
822 4051
823 4053
824 4054
825 4056
826 4058
827 4060
828 4063
829 4065
830 4067
831 4069
832 4070
833 4072
834 4073
835 4075
836 4076
837 4078
838 4080
839 4083
840 4085
841 4087
842 4089
843 4090
844 4092
845 4093
846 4095
847 4097
848 4099
849 4101
850 4103
851 4105
852 4107
853 4109
854 4111
855 4113
856 4115
857 4117
858 4119
859 4121
860 4122
861 4123
862 4125
863 4127
864 4129
865 4131
866 4133
867 4135
868 4137
869 4139
870 4141
871 4143
872 4145
873 4147
874 4149
875 4151
876 4152
877 4154
878 4155
879 4156
880 4157
881 4158
882 4159
883 4161
884 4163
885 4165
886 4168
887 4170
888 4172
889 4174
890 4176
891 4178
892 4180
893 4183
894 4186
895 4188
896 4190
897 4192
898 4194
899 4196
900 4197
901 4198
902 4200
903 4201
904 4203
905 4205
906 4208
907 4210
908 4212
909 4214
910 4216
911 4218
912 4220
913 4221
914 4222
915 4224
916 4226
917 4229
918 4231
919 4234
920 4237
921 4239
922 4241
923 4243
924 4246
925 4248
926 4250
927 4252
928 4254
929 4256
930 4258
931 4260
932 4262
933 4264
934 4266
935 4267
936 4269
937 4271
938 4272
939 4273
940 4275
941 4277
942 4279
943 4281
944 4283
945 4285
946 4287
947 4289
948 4291
949 4293
950 4295
951 4297
952 4300
953 4302
954 4304
955 4306
956 4308
957 4310
958 4312
959 4314
960 4316
961 4318
962 4321
963 4323
964 4325
965 4327
966 4329
967 4331
968 4333
969 4335
970 4338
971 4341
972 4343
973 4346
974 4349
975 4351
976 4353
977 4355
978 4357
979 4360
980 4363
981 4367
982 4370
983 4373
984 4376
985 4378
986 4380
987 4382
988 4384
989 4387
990 4389
991 4392
992 4395
993 4398
994 4401
995 4404
996 4409
997 4415
998 4425
999 4433
1000 4439
1001 4444
1002 4449
1003 4452
1004 4454
1005 4457
1006 4461
1007 4464
1008 4467
1009 4469
1010 4471
1011 4474
1012 4477
1013 4480
1014 4482
1015 4484
1016 4486
1017 4488
1018 4490
1019 4492
1020 4495
1021 4498
1022 4501
1023 4504
1024 4507
1025 4510
1026 4512
1027 4514
1028 4515
1029 4517
1030 4518
1031 4519
1032 4520
1033 4521
1034 4524
1035 4527
1036 4530
1037 4533
1038 4536
