0 6
2 24
3 43
4 86
5 103
7 173
8 208
10 268
11 270
12 276
13 280
14 281
15 282
16 284
18 289
19 296
20 300
21 310
23 388
24 412
25 427
26 438
27 485
28 502
30 549
31 554
32 584
33 593
34 619
35 631
36 637
37 641
38 647
42 723
43 727
45 762
46 766
47 782
49 790
50 791
53 796
54 797
55 802
56 807
57 812
58 813
59 815
60 818
61 830
62 831
64 850
65 865
66 877
67 880
68 884
69 894
71 905
72 916
73 917
74 920
75 921
76 923
78 929
79 933
81 938
82 941
83 944
84 949
85 951
86 953
88 958
89 960
90 963
91 964
92 966
93 968
94 972
95 973
96 974
97 976
98 978
99 980
100 982
101 984
102 985
103 986
104 990
105 992
107 1000
108 1002
109 1005
112 1011
113 1012
114 1014
115 1016
116 1018
117 1020
118 1022
119 1024
120 1025
121 1026
126 1036
127 1038
128 1039
129 1041
130 1043
131 1045
132 1046
133 1049
134 1050
137 1056
138 1058
139 1059
140 1061
141 1063
143 1066
144 1068
146 1072
147 1074
148 1076
149 1077
150 1079
153 1084
154 1086
155 1088
156 1090
157 1092
158 1094
159 1096
160 1097
161 1099
162 1101
167 1110
168 1112
169 1114
172 1120
173 1122
174 1124
175 1126
176 1128
177 1131
178 1132
179 1135
184 1144
185 1147
186 1150
187 1152
188 1154
189 1156
190 1158
193 1165
194 1168
195 1170
196 1172
197 1174
198 1176
199 1179
200 1182
201 1184
202 1186
203 1188
204 1190
205 1192
206 1194
207 1196
208 1198
209 1200
210 1201
211 1203
212 1205
213 1207
214 1209
215 1211
216 1216
218 1218
219 1221
220 1224
221 1225
222 1227
223 1230
224 1231
225 1233
226 1235
227 1237
228 1239
229 1241
230 1244
231 1246
232 1248
233 1250
234 1252
235 1254
236 1256
237 1258
238 1260
239 1262
240 1263
241 1265
242 1267
243 1269
244 1271
245 1273
246 1275
247 1277
248 1279
249 1281
250 1283
251 1285
252 1286
253 1288
254 1290
255 1292
256 1294
259 1302
260 1304
261 1306
262 1308
263 1310
264 1312
265 1314
266 1316
267 1319
268 1321
269 1324
273 1334
274 1336
275 1338
280 1349
281 1352
282 1354
283 1356
284 1358
285 1360
286 1362
287 1366
288 1368
289 1370
290 1373
291 1376
292 1378
293 1380
294 1382
295 1384
296 1387
297 1389
299 1393
300 1395
301 1397
302 1399
303 1401
304 1404
305 1406
306 1408
307 1410
308 1413
309 1415
310 1417
311 1420
312 1422
313 1424
314 1426
315 1428
316 1430
317 1432
318 1433
319 1435
320 1437
321 1439
322 1441
323 1443
324 1445
325 1447
326 1450
329 1457
330 1459
331 1462
332 1464
334 1468
335 1470
336 1473
337 1476
338 1478
339 1480
340 1482
341 1485
342 1488
343 1490
344 1492
345 1494
346 1496
347 1498
348 1500
349 1502
350 1504
351 1506
352 1511
353 1513
356 1523
357 1525
358 1527
359 1530
361 1540
362 1542
363 1544
367 1554
371 1563
372 1566
373 1568
374 1569
375 1571
376 1573
377 1575
378 1578
380 1581
381 1584
385 1593
386 1596
387 1598
388 1600
389 1603
390 1605
391 1607
392 1610
393 1612
397 1621
398 1623
399 1625
400 1627
401 1629
402 1632
403 1634
407 1643
408 1646
413 1657
414 1659
415 1661
416 1663
417 1666
418 1668
421 1674
422 1676
423 1678
424 1680
425 1683
426 1685
427 1688
428 1689
429 1691
430 1693
431 1696
432 1698
433 1700
434 1702
435 1704
437 1708
438 1711
439 1714
440 1716
441 1718
442 1720
443 1722
444 1725
445 1727
446 1729
447 1731
448 1733
449 1735
450 1737
452 1740
453 1743
454 1745
456 1749
458 1753
459 1755
460 1757
461 1760
462 1762
465 1769
466 1771
467 1773
468 1776
469 1779
471 1785
472 1787
473 1790
474 1792
475 1794
476 1796
477 1798
480 1805
481 1808
482 1810
483 1812
484 1814
485 1816
486 1818
487 1820
488 1822
489 1824
490 1826
491 1829
492 1832
493 1834
494 1836
499 1846
500 1848
501 1850
502 1852
505 1858
506 1860
507 1862
508 1864
509 1866
510 1868
511 1870
512 1872
513 1874
514 1876
515 1877
516 1880
517 1881
518 1883
519 1885
520 1887
521 1888
522 1890
523 1892
524 1894
525 1896
526 1898
527 1900
528 1902
529 1903
530 1905
531 1908
532 1909
533 1911
534 1913
535 1914
536 1916
537 1918
538 1920
539 1922
540 1924
541 1926
542 1928
543 1932
545 1937
546 1940
547 1942
548 1944
552 1953
553 1955
554 1958
555 1959
556 1962
557 1963
558 1965
559 1967
560 1969
561 1971
562 1973
564 1976
565 1978
571 1990
572 1992
573 1994
574 1996
575 1997
576 1999
577 2001
581 2008
582 2009
583 2013
586 2018
587 2020
588 2021
589 2023
590 2024
592 2028
593 2029
594 2031
595 2033
596 2034
597 2036
598 2038
599 2040
600 2042
601 2043
602 2045
603 2047
604 2049
608 2057
609 2059
610 2064
611 2066
612 2068
613 2070
614 2072
615 2074
616 2075
617 2077
618 2080
620 2084
621 2086
622 2087
623 2089
624 2091
625 2093
627 2096
628 2098
629 2102
630 2103
631 2105
632 2107
635 2112
636 2114
637 2116
638 2118
639 2122
640 2124
641 2125
642 2127
643 2129
644 2130
645 2132
646 2134
647 2135
648 2137
649 2138
651 2142
652 2143
653 2145
654 2147
655 2149
656 2150
657 2152
658 2154
659 2156
660 2157
661 2159
662 2161
663 2162
664 2164
665 2166
666 2168
667 2169
668 2171
670 2174
671 2176
672 2178
673 2179
674 2181
675 2182
677 2186
678 2188
680 2192
681 2194
682 2196
685 2202
686 2203
687 2205
688 2207
689 2209
690 2211
691 2213
692 2215
693 2217
694 2219
695 2220
696 2223
697 2225
699 2229
700 2231
702 2236
703 2238
705 2244
712 2258
713 2260
715 2264
716 2265
717 2267
718 2268
719 2271
720 2272
721 2275
722 2277
723 2279
724 2281
725 2284
726 2286
727 2287
728 2289
729 2291
730 2293
731 2295
732 2298
733 2300
734 2302
735 2304
736 2306
737 2308
738 2309
739 2311
740 2313
741 2315
742 2317
743 2320
744 2322
745 2326
746 2328
747 2330
748 2331
749 2333
750 2335
751 2337
752 2339
753 2341
754 2342
755 2344
759 2354
760 2356
761 2358
762 2360
763 2362
767 2370
768 2372
769 2374
772 2380
773 2382
774 2384
775 2386
776 2388
777 2390
778 2392
779 2394
780 2396
781 2398
782 2400
783 2402
784 2404
785 2406
786 2408
787 2410
788 2412
789 2414
790 2416
791 2418
792 2422
793 2424
794 2426
795 2428
796 2430
797 2432
798 2434
799 2437
800 2439
805 2450
806 2452
807 2454
808 2456
809 2457
810 2459
811 2461
812 2463
813 2464
814 2466
815 2469
816 2470
817 2473
818 2476
819 2477
820 2480
821 2482
822 2484
823 2486
824 2488
825 2490
826 2492
829 2498
830 2501
831 2503
832 2505
833 2508
834 2510
835 2512
837 2516
838 2518
839 2520
840 2522
841 2524
842 2526
844 2531
845 2533
846 2535
847 2537
849 2540
850 2542
851 2545
852 2547
853 2549
854 2551
855 2553
856 2557
859 2563
860 2565
861 2566
862 2568
863 2570
866 2576
868 2580
869 2582
870 2584
871 2587
872 2589
873 2591
874 2592
875 2597
876 2599
877 2601
878 2603
879 2608
882 2614
883 2616
884 2618
885 2620
886 2622
887 2624
888 2626
889 2627
890 2629
891 2631
893 2637
894 2639
895 2641
896 2643
897 2645
898 2649
899 2651
900 2654
901 2656
902 2658
904 2662
905 2664
906 2667
907 2669
908 2671
909 2673
910 2676
911 2678
912 2680
913 2682
914 2684
915 2688
916 2690
917 2696
918 2714
919 2716
920 2721
921 2729
922 2731
923 2733
924 2736
925 2738
926 2739
927 2741
928 2743
929 2746
930 2748
935 2764
936 2766
939 2776
940 2778
941 2780
946 2790
949 2796
950 2798
951 2800
952 2803
953 2805
955 2810
956 2812
957 2814
958 2815
959 2817
960 2819
961 2821
962 2823
963 2826
964 2828
965 2829
966 2832
967 2834
969 2839
970 2841
971 2843
972 2845
973 2847
974 2849
975 2851
976 2853
977 2855
978 2857
979 2858
980 2861
981 2863
982 2865
987 2874
988 2876
989 2878
990 2880
991 2882
996 2893
997 2894
998 2896
999 2899
1000 2902
1003 2908
1004 2910
1005 2912
1006 2914
1007 2916
1008 2918
1009 2920
1010 2922
1011 2924
1013 2928
1014 2929
1015 2931
1016 2933
1017 2935
1018 2944
1019 2946
1020 2948
1021 2949
1022 2951
1023 2983
1028 3006
1031 3012
1032 3015
1034 3022
1036 3026
1037 3037
1038 3042
1039 3044
1040 3049
1041 3051
1042 3054
1043 3056
1044 3058
1045 3066
1046 3070
1047 3072
1048 3074
1049 3076
1050 3078
1051 3079
1052 3082
1053 3083
1054 3088
1055 3090
1056 3092
1057 3096
1058 3098
1059 3100
1060 3106
1061 3108
1062 3112
1064 3115
1065 3117
1066 3120
1067 3122
1068 3124
1069 3127
1070 3129
1075 3139
1076 3141
1077 3143
1078 3145
1079 3146
1080 3148
1083 3157
1085 3162
1086 3164
1087 3168
1090 3174
1091 3176
1092 3178
1093 3184
1094 3187
1095 3190
1096 3191
1097 3193
1099 3197
1100 3200
1101 3203
1102 3207
1103 3210
1104 3212
1105 3213
1106 3215
1107 3217
1108 3219
1109 3221
1110 3223
1111 3225
1112 3229
1114 3240
1115 3242
1116 3244
1119 3252
1120 3254
1121 3258
1122 3260
1123 3261
1124 3263
1125 3265
1126 3266
1127 3268
1130 3274
1131 3276
1132 3278
1133 3280
1134 3282
1135 3284
1136 3286
1137 3287
1138 3291
1139 3293
1140 3295
1141 3301
1142 3303
1143 3304
1145 3310
1146 3314
1147 3316
1148 3317
1149 3319
1150 3321
1151 3323
1152 3324
1153 3326
1154 3328
1155 3330
1156 3333
1159 3340
1160 3342
1164 3350
1165 3352
1166 3354
1167 3356
1168 3358
1169 3360
1170 3362
1171 3364
1172 3366
1173 3368
1174 3369
1175 3371
1176 3373
1177 3375
1178 3379
1179 3381
1180 3383
1185 3392
1186 3394
1187 3396
1188 3398
1189 3400
1190 3402
1191 3404
1192 3406
1193 3408
1194 3410
1195 3412
1196 3414
1197 3416
1198 3418
1199 3420
1200 3422
1201 3424
1202 3426
1203 3427
1204 3430
1205 3432
1207 3436
1210 3442
1214 3450
1215 3452
1216 3454
1217 3456
1218 3458
1219 3460
1220 3462
1221 3464
1222 3465
1223 3467
1224 3469
1225 3471
1226 3473
1227 3475
1229 3478
1230 3480
1231 3482
1232 3485
1233 3486
1236 3493
1237 3494
1238 3496
1240 3500
1241 3502
1242 3504
1244 3508
1245 3510
1246 3511
1247 3513
1248 3514
1249 3516
1250 3518
1251 3520
1252 3522
1254 3528
1255 3530
1256 3532
1257 3533
1258 3536
1259 3537
1260 3540
1261 3541
1262 3543
1263 3545
1264 3550
1265 3551
1269 3559
1270 3562
1271 3564
1272 3566
1273 3568
1275 3572
1276 3573
1277 3576
1278 3578
1279 3580
1280 3582
1281 3584
1282 3586
1283 3588
1284 3590
1285 3592
1286 3594
1287 3595
1288 3597
1289 3598
1292 3604
1293 3606
1294 3608
1295 3610
1296 3611
1297 3617
1298 3619
1299 3621
1300 3623
1301 3625
1302 3626
1303 3628
1304 3632
1305 3634
1306 3637
1307 3642
1308 3643
1309 3645
1310 3647
1311 3649
1312 3651
1313 3653
1314 3655
1315 3657
1316 3661
1317 3663
1318 3665
1320 3672
1321 3676
1322 3678
1323 3681
1325 3685
1326 3688
1327 3689
1328 3691
1329 3693
1330 3694
1331 3697
1332 3701
1333 3702
1334 3706
1336 3710
1337 3712
1338 3713
1339 3720
1340 3722
1341 3724
1342 3725
1343 3727
1344 3728
1345 3730
1346 3732
1347 3736
1348 3738
1349 3740
1350 3744
1351 3747
1352 3750
1353 3752
1354 3754
1355 3755
1356 3758
1357 3760
1358 3762
1360 3766
1361 3768
1362 3770
1363 3772
1364 3773
1365 3775
1366 3777
1367 3781
1368 3783
1371 3790
1372 3792
1373 3799
1374 3802
1377 3809
1378 3812
1379 3814
1380 3816
1381 3819
1382 3821
1383 3823
1384 3826
1386 3834
1387 3864
1388 3870
1389 3874
1391 3886
1392 3888
1393 3893
1394 3895
1395 3898
1396 3902
1398 3906
1399 3908
1400 3912
1401 3915
1402 3923
1404 3940
1405 3950
1406 3952
1407 3955
1408 3968
1409 3969
1410 3974
1411 3976
1412 3978
1413 3980
1414 3982
1415 3984
1416 3987
1420 3994
1421 3996
1422 3998
1423 4000
1424 4002
1425 4024
