0 90382
1 90386
2 90389
3 90392
4 90398
5 90404
6 90411
7 90417
8 90420
9 90423
10 90426
11 90432
12 90439
13 90445
14 90451
15 90461
16 90467
17 90473
18 90482
19 90492
20 90501
21 90511
22 90517
23 90523
24 90532
25 90539
26 90545
27 90554
28 90564
29 90573
30 90585
31 90595
32 90604
33 90614
34 90626
35 90636
36 90645
37 90654
38 90667
39 90679
40 90692
41 90707
42 90720
43 90732
44 90745
45 90754
46 90764
47 90773
48 90779
49 90785
50 90792
51 90798
52 90804
53 90810
54 90820
55 90829
56 90839
57 90848
58 90854
59 90860
60 90867
61 90873
62 90879
63 90889
64 90898
65 90907
66 90917
67 90926
68 90935
69 90945
70 90954
71 90960
72 90967
73 90976
74 90985
75 90998
76 91007
77 91020
78 91029
79 91039
80 91051
81 91060
82 91070
83 91085
84 91098
85 91110
86 91126
87 91142
88 91157
89 91170
90 91179
91 91192
92 91201
93 91210
94 91220
95 91226
96 91235
97 91242
98 91251
99 91257
100 91264
101 91270
102 91276
103 91282
104 91289
105 91298
106 91310
107 91320
108 91329
109 91339
110 91345
111 91351
112 91357
113 91367
114 91373
115 91382
116 91392
117 91410
118 91423
119 91439
120 91451
121 91464
122 91473
123 91482
124 91492
125 91504
126 91520
127 91532
128 91551
129 91570
130 91582
131 91598
132 91613
133 91632
134 91648
135 91667
136 91682
137 91698
138 91717
139 91738
140 91754
141 91779
142 91792
143 91810
144 91832
145 91851
146 91870
147 91892
148 91907
149 91923
150 91938
151 91954
152 91973
153 91992
154 92001
155 92017
156 92029
157 92042
158 92051
159 92063
160 92076
161 92085
162 92098
163 92110
164 92129
165 92138
166 92151
167 92163
168 92176
169 92188
170 92201
171 92213
172 92226
173 92238
174 92251
175 92267
176 92279
177 92295
178 92310
179 92326
180 92332
181 92345
182 92354
183 92370
184 92385
185 92398
186 92413
187 92429
188 92445
189 92457
190 92470
191 92479
192 92488
193 92498
194 92513
195 92526
196 92538
197 92548
198 92560
199 92573
200 92582
201 92595
202 92604
203 92613
204 92623
205 92632
206 92641
207 92651
208 92657
209 92666
210 92676
211 92685
212 92695
213 92704
214 92710
215 92720
216 92735
217 92751
218 92766
219 92779
220 92791
221 92804
222 92813
223 92826
224 92841
225 92854
226 92860
227 92870
228 92876
229 92882
230 92888
231 92895
232 92904
233 92913
234 92923
235 92932
236 92941
237 92954
238 92966
239 92982
240 93001
241 93016
242 93029
243 93041
244 93054
245 93066
246 93082
247 93098
248 93113
249 93126
250 93148
251 93160
252 93173
253 93182
254 93195
255 93207
256 93216
257 93229
258 93241
259 93251
260 93263
261 93273
262 93279
263 93288
264 93298
265 93307
266 93316
267 93326
268 93338
269 93348
270 93357
271 93363
272 93373
273 93382
274 93391
275 93404
276 93413
277 93426
278 93435
279 93445
280 93454
281 93463
282 93473
283 93482
284 93494
285 93504
286 93516
287 93532
288 93551
289 93573
290 93588
291 93610
292 93626
293 93641
294 93657
295 93666
296 93673
297 93679
298 93685
299 93691
300 93701
301 93713
302 93726
303 93738
304 93754
305 93769
306 93785
307 93801
308 93823
309 93841
310 93860
311 93876
312 93894
313 93913
314 93929
315 93944
316 93957
317 93973
318 93985
319 93998
320 94010
321 94026
322 94048
323 94063
324 94082
325 94104
326 94126
327 94144
328 94163
329 94182
330 94201
331 94216
332 94229
333 94241
334 94254
335 94266
336 94282
337 94301
338 94319
339 94338
340 94357
341 94369
342 94382
343 94394
344 94410
345 94422
346 94441
347 94457
348 94472
349 94494
350 94513
351 94532
352 94547
353 94569
354 94585
355 94607
356 94619
357 94635
358 94654
359 94672
360 94694
361 94707
362 94726
363 94747
364 94766
365 94782
366 94794
367 94807
368 94822
369 94835
370 94851
371 94869
372 94882
373 94904
374 94922
375 94941
376 94960
377 94976
378 95001
379 95035
380 95060
381 95097
382 95126
383 95154
384 95172
385 95197
386 95216
387 95229
388 95244
389 95257
390 95275
391 95310
392 95329
393 95341
394 95357
395 95372
396 95388
397 95400
398 95413
399 95422
400 95438
401 95447
402 95460
403 95472
404 95491
405 95504
406 95516
407 95535
408 95547
409 95563
410 95582
411 95597
412 95610
413 95622
414 95635
415 95644
416 95654
417 95663
418 95669
419 95682
420 95694
421 95704
422 95713
423 95722
424 95732
425 95741
426 95750
427 95763
428 95775
429 95782
430 95788
431 95797
432 95810
433 95819
434 95825
435 95835
436 95844
437 3717
438 3720
439 3723
440 3726
441 3729
442 3736
443 3742
444 3745
445 3751
446 3758
447 3767
448 3779
449 3792
450 3807
451 3826
452 3845
453 3864
454 3876
455 3892
456 3907
457 3917
458 3926
459 3936
460 3945
461 3954
462 3964
463 3973
464 3982
465 3992
466 4001
467 4011
468 4017
469 4023
470 4029
471 4036
472 4042
473 4048
474 4054
475 4061
476 4067
477 4073
478 4079
479 4086
480 4095
481 4101
482 4111
483 4117
484 4123
485 4129
486 4139
487 4148
488 4157
489 4164
490 4170
491 4176
492 4182
493 4189
494 4195
495 4204
496 4217
497 4226
498 4239
499 4248
500 4257
501 4267
502 4279
503 4289
504 4298
505 4311
506 4320
507 4329
508 4342
509 4351
510 4367
511 4382
512 4398
513 4414
514 4429
515 4445
516 4464
517 4479
518 4495
519 4514
520 4529
521 4548
522 4573
523 4598
524 4626
525 4645
526 4670
527 4692
528 4717
529 4735
530 4757
531 4779
532 4801
533 4820
534 4842
535 4854
536 4873
537 4895
538 4907
539 4923
540 4939
541 4954
542 4973
543 4992
544 5014
545 5026
546 5045
547 5060
548 5073
549 5085
550 5098
551 5114
552 5129
553 5142
554 5164
555 5192
556 5217
557 5248
558 5279
559 5307
560 5339
561 5357
562 5379
563 5398
564 5417
565 5439
566 5464
567 5482
568 5510
569 5535
570 5564
571 5598
572 5635
573 5660
574 5692
575 5723
576 5757
577 5788
578 5829
579 5863
580 5917
581 5935
582 5973
583 6010
584 6035
585 6060
586 6076
587 6088
588 6110
589 6126
590 6145
591 6157
592 6170
593 6182
594 6192
595 6204
596 6213
597 6220
598 6229
599 6235
600 6245
601 6254
602 6263
603 6273
604 6282
605 6298
606 6310
607 6329
608 6345
609 6363
610 6376
611 6392
612 6404
613 6417
614 6429
615 6438
616 6451
617 6460
618 6473
619 6482
620 6492
621 6501
622 6510
623 6520
624 6532
625 6542
626 6551
627 6557
628 6566
629 6576
630 6588
631 6598
632 6607
633 6613
634 6623
635 6635
636 6651
637 6666
638 6685
639 6701
640 6720
641 6735
642 6748
643 6766
644 6795
645 6823
646 6848
647 6873
648 6898
649 6916
650 6938
651 6976
652 8101
653 8163
654 8194
655 8219
656 8232
657 8244
658 8263
659 8279
660 8291
661 8301
662 8307
663 8319
664 8335
665 8348
666 8360
667 8373
668 8391
669 8407
670 8423
671 8438
672 8454
673 8473
674 8488
675 8494
676 8504
677 8538
678 8822
679 9110
680 9138
681 9160
682 9176
683 9191
684 9207
685 9222
686 9238
687 9257
688 9269
689 9282
690 9297
691 9310
692 9322
693 9335
694 9347
695 9363
696 9372
697 9379
698 9388
699 9397
700 9410
701 9422
702 9441
703 9457
704 9472
705 9488
706 9504
707 9516
708 9529
709 9541
710 9550
711 9563
712 9575
713 9588
714 9600
715 9613
716 9625
717 9635
718 9644
719 9654
720 9663
721 9672
722 9682
723 9691
724 9700
725 9710
726 9719
727 9732
728 9741
729 9750
730 9760
731 9769
732 9779
733 9788
734 9800
735 9810
736 9819
737 9829
738 9838
739 9847
740 9857
741 9869
742 9879
743 9888
744 9894
745 9904
746 9913
747 9922
748 9932
749 9941
750 9950
751 9960
752 9969
753 9979
754 9988
755 9997
756 10007
757 10016
758 10022
759 10032
760 10041
761 10050
762 10060
763 10069
764 10079
765 10088
766 10097
767 10107
768 10119
769 10132
770 10141
771 10154
772 10169
773 10179
774 10197
775 10213
776 10229
777 10241
778 10260
779 10272
780 10288
781 10297
782 10310
783 10319
784 10332
785 10341
786 10350
787 10360
788 10369
789 10375
790 10385
791 10391
792 10397
793 10403
794 10410
795 10416
796 10422
797 10432
798 10438
799 10444
800 10453
801 10460
802 10466
803 10472
804 10478
805 10485
806 10494
807 10503
808 10513
809 10522
810 10532
811 10541
812 10550
813 10560
814 10569
815 10578
816 10588
817 10600
818 10613
819 10625
820 10638
821 10650
822 10663
823 10675
824 10694
825 10707
826 10722
827 10741
828 10753
829 10778
830 10797
831 10822
832 10844
833 10875
834 10900
835 10916
836 10932
837 10944
838 10960
839 10972
840 10991
841 11013
842 11047
843 11066
844 11091
845 11113
846 11141
847 11172
848 11203
849 11235
850 11266
851 11303
852 11331
853 11344
854 11366
855 11388
856 11410
857 11435
858 11453
859 11475
860 11491
861 11506
862 11522
863 11541
864 11560
865 11575
866 11591
867 11613
868 11631
869 11653
870 11672
871 11691
872 11710
873 11722
874 11738
875 11750
876 11763
877 11781
878 11800
879 11819
880 11838
881 11850
882 11866
883 11875
884 11891
885 11903
886 11919
887 11935
888 11950
889 11966
890 11985
891 12006
892 12022
893 12041
894 12066
895 12081
896 12100
897 12116
898 12135
899 12153
900 12172
901 12184
902 12197
903 12216
904 12228
905 12244
906 12263
907 12284
908 12303
909 12325
910 12350
911 12375
912 12400
913 12422
914 12434
915 12453
916 12469
917 12488
918 12509
919 12528
920 12541
921 12553
922 12569
923 12584
924 12594
925 12603
926 12616
927 12634
928 12653
929 12678
930 12703
931 12731
932 12756
933 12775
934 12787
935 12809
936 12822
937 12834
938 12850
939 12866
940 12881
941 12900
942 12925
943 12947
944 12966
945 12988
946 13009
947 13034
948 13053
949 13072
950 13097
951 13125
952 13150
953 13175
954 13200
955 13228
956 13250
957 13272
958 13294
959 13316
960 13334
961 13356
962 13375
963 13391
964 13409
965 13431
966 13453
967 13472
968 13491
969 13516
970 13537
971 13572
972 13600
973 13634
974 13656
975 13681
976 13706
977 13747
978 13787
