1424781440.672596 0.1728373 -2.7761416 0.1457475 0.0002492 -0.0002316 0.0002377 0.9999999
1424781440.735088 0.3800085 -2.2294219 0.1206065 -0.0001107 0.0021930 0.0013734 0.9999967
1424781440.797580 0.4425407 -1.6533924 0.0259405 -0.0009726 0.0059166 0.0014081 0.9999810
1424781440.860071 0.5350318 -1.0732031 -0.0366228 -0.0007446 0.0087912 0.0017498 0.9999595
1424781440.985054 0.7472900 0.0014854 -0.3108179 -0.0018669 0.0128021 0.0031010 0.9999115
1424781441.110037 1.1276538 1.0654844 -0.5837494 -0.0029376 0.0119010 0.0032904 0.9999195
1424781441.235017 1.4657133 2.1202130 -0.7816886 -0.0036269 0.0108171 0.0023057 0.9999322
1424781441.360002 1.7318168 3.2201931 -0.8402254 -0.0041453 0.0101526 0.0020848 0.9999377
1424781441.422493 1.7558830 3.7276139 -0.8559879 -0.0051100 0.0106934 0.0034740 0.9999237
1424781441.484985 1.7668805 4.2966905 -0.8773060 -0.0055003 0.0111037 0.0048222 0.9999116
1424781441.547474 1.7802385 4.8270564 -0.9009275 -0.0062125 0.0113194 0.0054074 0.9999020
1424781441.672459 1.7888433 5.8709760 -0.9493067 -0.0067682 0.0114124 0.0057508 0.9998955
1424781441.797442 1.8027602 6.9207344 -1.0002996 -0.0060108 0.0106428 0.0060427 0.9999070
1424781441.922425 1.8173429 7.9761114 -1.0431969 -0.0058352 0.0097759 0.0066050 0.9999134
1424781442.047408 1.8230374 9.0178766 -1.0874023 -0.0063227 0.0091420 0.0063583 0.9999180
1424781442.234880 1.8290675 10.5875816 -1.1587895 -0.0067796 0.0078069 0.0055585 0.9999311
1424781442.359865 1.8346858 11.6439829 -1.2062981 -0.0064727 0.0068731 0.0052322 0.9999418
1424781442.484848 1.8495147 12.7003393 -1.2506773 -0.0056121 0.0052077 0.0054072 0.9999561
1424781442.672321 1.8419162 14.2839241 -1.3296698 -0.0042787 0.0031779 0.0017986 0.9999842
1424781442.859796 1.8352803 15.8920107 -1.4042318 -0.0056562 0.0010346 0.0014467 0.9999824
1424781443.047271 1.8096060 17.5190125 -1.4711106 -0.0067642 -0.0002035 0.0000545 0.9999771
1424781443.234745 1.7809243 19.1088428 -1.5658029 -0.0074779 -0.0016032 -0.0003626 0.9999707
1424781443.359728 1.7610849 20.1539803 -1.6118858 -0.0077769 -0.0026176 -0.0008126 0.9999660
1424781443.484708 1.7372841 21.2511101 -1.6575882 -0.0084987 -0.0035313 -0.0010900 0.9999571
1424781443.672184 1.7000896 22.8280067 -1.7421687 -0.0090011 -0.0051321 -0.0029645 0.9999419
1424781443.797168 1.6718273 23.8412075 -1.8106632 -0.0086891 -0.0064702 -0.0049778 0.9999290
1424781443.922150 1.6394992 24.9002762 -1.8632925 -0.0090604 -0.0074291 -0.0061480 0.9999124
1424781444.109626 1.5850546 26.5141296 -1.9298618 -0.0094992 -0.0090252 -0.0078823 0.9998831
1424781444.297099 1.5346732 28.1191406 -2.0066357 -0.0098160 -0.0107826 -0.0095442 0.9998481
1424781444.484573 1.4598820 29.7563763 -2.0485694 -0.0108740 -0.0119676 -0.0104254 0.9998149
1424781444.734539 1.3758998 31.9575520 -2.1184165 -0.0123230 -0.0139202 -0.0112841 0.9997635
1424781444.922014 1.3156112 33.5935020 -2.1884217 -0.0119401 -0.0155702 -0.0108716 0.9997483
1424781445.109488 1.2537357 35.2669258 -2.2455220 -0.0114536 -0.0172663 -0.0102877 0.9997324
1424781445.296961 1.1899246 36.9236374 -2.3185511 -0.0125174 -0.0191831 -0.0111407 0.9996756
1424781445.546928 1.0936387 39.1687202 -2.4166985 -0.0115011 -0.0215934 -0.0129619 0.9996166
1424781445.734400 1.0146511 40.8702621 -2.4815364 -0.0111049 -0.0236015 -0.0128774 0.9995768
1424781445.921876 0.9329350 42.5682869 -2.5533910 -0.0119337 -0.0255540 -0.0129077 0.9995189
1424781446.109350 0.8404193 44.2712021 -2.6225357 -0.0121081 -0.0280006 -0.0127110 0.9994537
1424781446.359316 0.7205777 46.5239487 -2.7286234 -0.0124661 -0.0317440 -0.0125338 0.9993397
1424781446.609282 0.5624421 48.7781715 -2.8203497 -0.0139235 -0.0348661 -0.0137348 0.9992006
1424781446.859247 0.4122958 51.0287971 -2.8951316 -0.0172570 -0.0381004 -0.0132735 0.9990367
1424781447.171705 0.2026772 53.8329811 -3.0009532 -0.0158873 -0.0425090 -0.0127411 0.9988885
1424781447.421670 0.0094538 56.0685043 -3.0789342 -0.0146032 -0.0454000 -0.0119064 0.9987912
1424781447.671636 -0.2094855 58.2878876 -3.1551614 -0.0162576 -0.0481172 -0.0128258 0.9986270
1424781447.921602 -0.4099617 60.4872818 -3.2490661 -0.0157825 -0.0519722 -0.0130823 0.9984381
1424781448.109076 -0.5642352 62.1321564 -3.3051438 -0.0153549 -0.0548775 -0.0140820 0.9982757
1424781448.296549 -0.7609415 63.8230095 -3.3588636 -0.0158721 -0.0572467 -0.0143213 0.9981312
1424781448.484022 -0.9602013 65.5067520 -3.4029758 -0.0157455 -0.0597265 -0.0134729 0.9979997
1424781448.609007 -1.1074338 66.6424179 -3.4376419 -0.0153347 -0.0612240 -0.0130006 0.9979216
1424781448.733991 -1.2586579 67.7835388 -3.4610586 -0.0148296 -0.0629497 -0.0120861 0.9978333
1424781448.858973 -1.4141340 68.9160995 -3.4924779 -0.0151354 -0.0644538 -0.0112863 0.9977421
1424781448.983956 -1.5764098 70.0471649 -3.5213785 -0.0162809 -0.0660604 -0.0113432 0.9976183
1424781449.108939 -1.7424893 71.1854706 -3.5550094 -0.0171407 -0.0676429 -0.0118829 0.9974916
1424781449.233921 -1.9077921 72.3146210 -3.5751789 -0.0167959 -0.0696849 -0.0110213 0.9973667
1424781449.421395 -2.1789436 74.0225296 -3.6119378 -0.0151754 -0.0724180 -0.0112265 0.9971957
1424781449.608870 -2.4502726 75.7173843 -3.6571653 -0.0154497 -0.0755692 -0.0107923 0.9969624
1424781449.796344 -2.7441626 77.4235306 -3.6928172 -0.0154177 -0.0785424 -0.0115530 0.9967246
1424781449.983819 -3.0369406 79.1125107 -3.7394764 -0.0161155 -0.0821130 -0.0124938 0.9964144
1424781450.108801 -3.2451668 80.2424316 -3.7600167 -0.0165682 -0.0844741 -0.0124796 0.9962097
1424781450.233785 -3.4528580 81.3625336 -3.7895503 -0.0169954 -0.0867764 -0.0127043 0.9960018
1424781450.358767 -3.6606836 82.4864273 -3.8122442 -0.0173647 -0.0893438 -0.0123171 0.9957733
1424781450.483750 -3.8791485 83.6100693 -3.8381686 -0.0169680 -0.0920073 -0.0129065 0.9955301
1424781450.608733 -4.1141796 84.7298584 -3.8608963 -0.0157633 -0.0945120 -0.0130912 0.9953128
1424781450.796207 -4.4656992 86.4045944 -3.8994770 -0.0154882 -0.0982821 -0.0141713 0.9949371
1424781450.983683 -4.8348675 88.0854492 -3.9349847 -0.0161747 -0.1018884 -0.0153154 0.9945464
1424781451.171156 -5.2191362 89.7568893 -3.9648879 -0.0169424 -0.1054083 -0.0164076 0.9941493
1424781451.358630 -5.6064281 91.4154434 -4.0045915 -0.0153500 -0.1087162 -0.0170118 0.9938087
1424781451.546105 -6.0044041 93.0796432 -4.0453253 -0.0139535 -0.1116179 -0.0182297 0.9934860
1424781451.733580 -6.4235773 94.7538528 -4.0868359 -0.0139729 -0.1147537 -0.0188658 0.9931165
1424781451.921054 -6.8502102 96.4334412 -4.1219044 -0.0150226 -0.1176675 -0.0191081 0.9927555
1424781452.108527 -7.2744274 98.0847931 -4.1623650 -0.0158737 -0.1207807 -0.0192731 0.9923652
1424781452.233510 -7.5610332 99.1992798 -4.1803684 -0.0157719 -0.1227939 -0.0183225 0.9921377
1424781452.358493 -7.8509636 100.2972260 -4.2073054 -0.0160499 -0.1247010 -0.0177599 0.9919056
1424781452.545965 -8.3018913 101.9761047 -4.2408295 -0.0158698 -0.1277386 -0.0161217 0.9915498
1424781452.733441 -8.7651691 103.6434174 -4.2698870 -0.0158965 -0.1305262 -0.0161736 0.9911855
1424781452.983407 -9.3831921 105.8488617 -4.3157763 -0.0157438 -0.1341933 -0.0166266 0.9906906
1424781453.170881 -9.8605518 107.4837341 -4.3548183 -0.0160821 -0.1369627 -0.0159224 0.9903176
1424781453.420847 -10.5153923 109.7005844 -4.3984261 -0.0158132 -0.1404246 -0.0150728 0.9898503
1424781453.608321 -11.0289803 111.3676147 -4.4317675 -0.0152990 -0.1426962 -0.0169063 0.9895039
1424781453.795796 -11.5526447 113.0218582 -4.4595661 -0.0149607 -0.1450479 -0.0191563 0.9891260
1424781454.045760 -12.2461624 115.2203751 -4.5064931 -0.0148120 -0.1477911 -0.0204818 0.9886956
1424781454.233237 -12.7740154 116.8746567 -4.5448079 -0.0146924 -0.1496241 -0.0203072 0.9884252
1424781454.420711 -13.3007030 118.5120392 -4.5893736 -0.0145757 -0.1514651 -0.0195730 0.9881613
1424781454.733167 -14.1978340 121.2606583 -4.6542234 -0.0145224 -0.1547409 -0.0182978 0.9876789
1424781454.983133 -14.9085445 123.4462128 -4.7263231 -0.0134418 -0.1572772 -0.0173129 0.9873112
1424781455.233100 -15.6283073 125.6084442 -4.7761774 -0.0133722 -0.1598989 -0.0180900 0.9868770
1424781455.545554 -16.5841751 128.3416901 -4.8294697 -0.0142211 -0.1620931 -0.0187762 0.9864943
1424781455.858013 -17.5470371 131.0745850 -4.8860488 -0.0156862 -0.1642703 -0.0208728 0.9860697
1424781456.170470 -18.5140476 133.7940063 -4.9563527 -0.0146089 -0.1656685 -0.0228907 0.9858075
1424781456.420435 -19.2964077 135.9648743 -4.9980855 -0.0150751 -0.1667908 -0.0248281 0.9855644
1424781456.607910 -19.8810558 137.5760193 -5.0440149 -0.0137085 -0.1674023 -0.0254783 0.9854640
1424781456.857876 -20.6620026 139.7323761 -5.0933170 -0.0122984 -0.1690741 -0.0252581 0.9852029
1424781457.045350 -21.2540226 141.3580322 -5.1296163 -0.0160873 -0.1700436 -0.0265179 0.9849483
1424781457.232824 -21.8452358 142.9557953 -5.1558847 -0.0190604 -0.1712307 -0.0296405 0.9846005
1424781457.420299 -22.4323025 144.5333099 -5.1927361 -0.0164393 -0.1724814 -0.0280332 0.9844766
1424781457.545281 -22.8159809 145.5719299 -5.2165217 -0.0153134 -0.1729899 -0.0281798 0.9844013
1424781457.732754 -23.3984451 147.1294556 -5.2510052 -0.0156570 -0.1739352 -0.0288633 0.9842095
1424781457.857738 -23.7838383 148.1721497 -5.2713246 -0.0146032 -0.1747109 -0.0256572 0.9841771
1424781458.045211 -24.3569412 149.7250214 -5.3121891 -0.0130426 -0.1754273 -0.0210035 0.9841819
1424781458.170194 -24.7406578 150.7524261 -5.3345361 -0.0153131 -0.1753091 -0.0196642 0.9841979
1424781458.295179 -25.1259384 151.7688751 -5.3566823 -0.0173444 -0.1756374 -0.0193064 0.9841127
1424781458.420163 -25.5101357 152.7843475 -5.3799853 -0.0167672 -0.1756466 -0.0187439 0.9841320
1424781458.545144 -25.8869572 153.7801514 -5.4027414 -0.0158520 -0.1758856 -0.0205771 0.9840679
1424781458.670127 -26.2632542 154.7742310 -5.4262218 -0.0150826 -0.1761514 -0.0207849 0.9840280
1424781458.795110 -26.6361942 155.7751923 -5.4461088 -0.0144145 -0.1765891 -0.0228739 0.9839132
1424781458.982585 -27.1929226 157.2767944 -5.4807038 -0.0146341 -0.1773579 -0.0238491 0.9837486
1424781459.232550 -27.9637451 159.2691040 -5.5221815 -0.0158258 -0.1778189 -0.0261175 0.9835893
1424781459.420025 -28.5394745 160.7741699 -5.5507684 -0.0193653 -0.1782532 -0.0258540 0.9834543
1424781459.607499 -29.1022015 162.2664490 -5.5805521 -0.0188102 -0.1790409 -0.0237354 0.9833754
1424781459.794973 -29.6648197 163.7572021 -5.6130638 -0.0158265 -0.1797871 -0.0234193 0.9832994
1424781459.919956 -30.0264339 164.7451172 -5.6429806 -0.0162995 -0.1806171 -0.0227525 0.9831552
1424781460.044938 -30.3865643 165.7342072 -5.6711273 -0.0172783 -0.1813044 -0.0234738 0.9829950
1424781460.169922 -30.7343216 166.7184906 -5.7286382 -0.0167739 -0.1820927 -0.0244015 0.9828354
1424781460.357394 -31.2670326 168.1948700 -5.7961912 -0.0177894 -0.1832638 -0.0256214 0.9825688
1424781460.482378 -31.5918083 169.1535950 -5.8384142 -0.0209580 -0.1841010 -0.0251859 0.9823611
1424781460.669853 -32.2124786 170.6958618 -5.8503160 -0.0203008 -0.1839191 -0.0255077 0.9824007
1424781460.857327 -32.7701759 172.1610718 -5.8890581 -0.0187326 -0.1845290 -0.0259992 0.9823045
1424781461.232276 -33.9939919 175.2104950 -5.9293594 -0.0191716 -0.1850925 -0.0262756 0.9821827
1424781461.482242 -34.8246613 177.2593536 -5.9567537 -0.0199485 -0.1850670 -0.0262795 0.9821719
1424781461.794699 -35.8334961 179.7878113 -6.0103550 -0.0199612 -0.1860502 -0.0264824 0.9819804
1424781462.044663 -36.6429367 181.7988129 -6.0461531 -0.0179530 -0.1878063 -0.0296976 0.9815928
1424781462.294630 -37.4967194 183.8380280 -6.0447388 -0.0191760 -0.1890953 -0.0302086 0.9813066
1424781462.482105 -38.1197739 185.3389130 -6.0544329 -0.0190799 -0.1902363 -0.0301970 0.9810883
1424781462.669579 -38.7416458 186.8148804 -6.0629101 -0.0202063 -0.1912858 -0.0302007 0.9808615
1424781462.857052 -39.3544731 188.2677765 -6.0851784 -0.0202122 -0.1923322 -0.0310117 0.9806315
1424781463.107019 -40.1806526 190.1699982 -6.0981159 -0.0184653 -0.1939321 -0.0322424 0.9803111
1424781463.419476 -41.2037735 192.5522461 -6.1108580 -0.0191042 -0.1955732 -0.0336480 0.9799255
1424781463.669439 -42.0219917 194.4695740 -6.1103954 -0.0216064 -0.1975084 -0.0324458 0.9795259
1424781464.044388 -43.2579155 197.3262024 -6.1146965 -0.0209668 -0.1999203 -0.0320045 0.9790648
1424781464.419338 -44.5338669 200.1735382 -6.1189051 -0.0202179 -0.2020293 -0.0330250 0.9786137
1424781464.669306 -45.3620377 202.0463867 -6.1312189 -0.0195650 -0.2038288 -0.0329381 0.9782566
1424781464.981762 -46.4304085 204.4174957 -6.1398458 -0.0213289 -0.2070163 -0.0313795 0.9776015
1424781465.294219 -47.5136490 206.7883453 -6.1435108 -0.0210040 -0.2118662 -0.0290554 0.9766409
1424781465.669167 -48.8518333 209.6175842 -6.1503716 -0.0209854 -0.2188744 -0.0271868 0.9751484
1424781465.981624 -50.0118027 211.9428711 -6.1687469 -0.0181378 -0.2255905 -0.0267093 0.9736871
1424781466.356574 -51.4292870 214.6930542 -6.1996365 -0.0192170 -0.2342021 -0.0273470 0.9716132
1424781466.669030 -52.6472054 216.9656372 -6.2216454 -0.0169876 -0.2417504 -0.0260349 0.9698403
1424781466.981487 -53.9141617 219.2324524 -6.2245989 -0.0229012 -0.2488869 -0.0252804 0.9679317
1424781467.356436 -55.4476013 221.9063721 -6.2394400 -0.0210868 -0.2573059 -0.0214185 0.9658625
1424781467.793875 -57.3013763 224.9767151 -6.2416773 -0.0199321 -0.2640363 -0.0213958 0.9640694
1424781468.106333 -58.6457939 227.1611633 -6.2626333 -0.0193987 -0.2679494 -0.0216347 0.9629947
1424781468.606264 -60.8388023 230.6494446 -6.2736673 -0.0201985 -0.2744034 -0.0236657 0.9611112
1424781468.856230 -61.9466400 232.3842468 -6.2838192 -0.0201467 -0.2777999 -0.0229236 0.9601541
1424781469.231177 -63.6394348 234.9844666 -6.3045158 -0.0204004 -0.2827879 -0.0245218 0.9586519
1424781469.668618 -65.6630630 237.9928436 -6.2976780 -0.0210883 -0.2875305 -0.0265415 0.9571714
1424781470.043567 -67.4272919 240.5723572 -6.2930422 -0.0214432 -0.2897422 -0.0257978 0.9565166
1424781470.418516 -69.1736603 243.1388245 -6.3063593 -0.0194594 -0.2910307 -0.0261178 0.9561592
1424781470.855956 -71.2171173 246.1499481 -6.3328686 -0.0181940 -0.2896098 -0.0266794 0.9565999
1424781471.168413 -72.6617584 248.3103333 -6.3374624 -0.0207144 -0.2874777 -0.0264428 0.9571981
1424781471.480870 -74.1007385 250.4609070 -6.3489523 -0.0190256 -0.2841097 -0.0299452 0.9581352
1424781471.793327 -75.5137253 252.6371460 -6.3437462 -0.0216945 -0.2792932 -0.0337732 0.9593664
1424781472.105784 -76.8956604 254.8125305 -6.3416367 -0.0187041 -0.2733217 -0.0298715 0.9612768
1424781472.480733 -78.4607162 257.4258728 -6.3610725 -0.0199978 -0.2650841 -0.0255899 0.9636782
1424781472.855681 -79.9839020 260.0686035 -6.3475571 -0.0218417 -0.2566065 -0.0248973 0.9659483
1424781473.043157 -80.7286987 261.3777161 -6.3475075 -0.0217959 -0.2516230 -0.0236824 0.9672900
1424781473.355613 -81.9430008 263.6111145 -6.3492785 -0.0227655 -0.2432126 -0.0307600 0.9692178
1424781473.605579 -82.9108276 265.4372559 -6.3337107 -0.0223314 -0.2349330 -0.0306771 0.9712707
1424781473.855545 -83.8241196 267.2611389 -6.3383207 -0.0213029 -0.2264030 -0.0314201 0.9732937
1424781474.043020 -84.4820709 268.6518860 -6.3509502 -0.0175663 -0.2192867 -0.0299039 0.9750438
1424781474.292984 -85.3543396 270.5305481 -6.3568707 -0.0189106 -0.2085962 -0.0358890 0.9771602
1424781474.542950 -86.1579895 272.4368591 -6.3761683 -0.0193350 -0.1963404 -0.0335668 0.9797703
1424781474.730424 -86.7183456 273.8678284 -6.3817635 -0.0177035 -0.1867625 -0.0310727 0.9817539
1424781474.980391 -87.4224548 275.7889099 -6.4078655 -0.0189481 -0.1733142 -0.0288907 0.9842604
1424781475.230356 -88.0963058 277.7509460 -6.4324522 -0.0201289 -0.1593637 -0.0292199 0.9865821
1424781475.605305 -88.9726334 280.6971436 -6.4727974 -0.0181620 -0.1393344 -0.0288225 0.9896592
1424781475.792779 -89.3797379 282.1993103 -6.4939461 -0.0189481 -0.1294764 -0.0272508 0.9910269
1424781476.042745 -89.8583832 284.1919250 -6.5248537 -0.0185504 -0.1163368 -0.0262269 0.9926901
1424781476.292708 -90.2961884 286.2040405 -6.5560770 -0.0182791 -0.1028531 -0.0284199 0.9941224
1424781476.542677 -90.6690369 288.2153015 -6.5750942 -0.0192609 -0.0898118 -0.0293673 0.9953393
1424781476.792642 -90.9851074 290.2362976 -6.5997610 -0.0202459 -0.0766248 -0.0285404 0.9964458
1424781477.042607 -91.2549286 292.2557678 -6.6294708 -0.0189425 -0.0634186 -0.0281366 0.9974104
1424781477.292574 -91.4638062 294.2681580 -6.6558676 -0.0192653 -0.0501517 -0.0277849 0.9981691
1424781477.542539 -91.6194000 296.2935486 -6.6940155 -0.0188350 -0.0378001 -0.0253651 0.9987858
1424781477.792505 -91.7241669 298.3231812 -6.7250404 -0.0225141 -0.0263098 -0.0232936 0.9991288
1424781478.042471 -91.8091278 300.3742065 -6.7466507 -0.0208957 -0.0171583 -0.0232481 0.9993640
1424781478.354927 -91.8702545 302.9280396 -6.7766657 -0.0192664 -0.0084618 -0.0237925 0.9994954
1424781478.604894 -91.8884735 304.9562988 -6.8082399 -0.0191747 -0.0036904 -0.0225922 0.9995540
1424781478.917351 -91.9114075 307.4997864 -6.8324690 -0.0215866 0.0009501 -0.0228416 0.9995056
1424781479.229808 -91.9142914 310.0357666 -6.8621855 -0.0215255 0.0047797 -0.0216618 0.9995221
1424781479.542265 -91.8782272 312.5375977 -6.8914719 -0.0222449 0.0072744 -0.0212509 0.9995002
1424781479.667248 -91.8678436 313.5542908 -6.9137602 -0.0213046 0.0078321 -0.0217915 0.9995048
1424781479.917213 -91.8577118 315.5756226 -6.9401560 -0.0190186 0.0092377 -0.0237310 0.9994948
1424781480.104687 -91.8340607 317.0841675 -6.9662209 -0.0194821 0.0098385 -0.0244202 0.9994635
1424781480.417145 -91.7996750 319.6087952 -6.9983540 -0.0179102 0.0109067 -0.0266149 0.9994258
1424781480.729602 -91.7697220 322.1092224 -7.0426426 -0.0216339 0.0119156 -0.0266828 0.9993388
1424781480.979568 -91.7283554 324.0985107 -7.0714846 -0.0190398 0.0120783 -0.0275299 0.9993666
1424781481.292024 -91.6867599 326.5610962 -7.1185560 -0.0185573 0.0128943 -0.0261857 0.9994016
1424781481.604482 -91.6370621 329.0318909 -7.1514187 -0.0205494 0.0142650 -0.0259546 0.9993501
1424781481.916939 -91.5813370 331.4752502 -7.1870289 -0.0179171 0.0159275 -0.0272541 0.9993410
1424781482.166904 -91.5164413 333.4263306 -7.2377348 -0.0183901 0.0174348 -0.0255039 0.9993535
1424781482.416870 -91.4521408 335.3835754 -7.2817326 -0.0184376 0.0189503 -0.0246498 0.9993464
1424781482.604345 -91.3986588 336.8574829 -7.3026638 -0.0184902 0.0200030 -0.0238889 0.9993435
1424781482.791819 -91.3421631 338.3215942 -7.3313961 -0.0198325 0.0213790 -0.0228573 0.9993134
1424781482.979294 -91.2818680 339.7623901 -7.3629179 -0.0201869 0.0225375 -0.0221262 0.9992973
1424781483.291751 -91.1685028 342.1752319 -7.3966475 -0.0208734 0.0238255 -0.0212628 0.9992720
1424781483.541717 -91.0860138 344.1223450 -7.4167414 -0.0213571 0.0253986 -0.0216862 0.9992139
1424781483.791682 -91.0002670 346.0708313 -7.4457970 -0.0222590 0.0259286 -0.0225059 0.9991625
1424781483.979156 -90.9396667 347.5370483 -7.4657297 -0.0219616 0.0269428 -0.0248813 0.9990859
1424781484.229122 -90.8650208 349.5031433 -7.4873381 -0.0222353 0.0276784 -0.0303652 0.9989081
1424781484.479088 -90.7775726 351.4837341 -7.5125570 -0.0207912 0.0276211 -0.0303756 0.9989405
1424781484.666562 -90.7124557 352.9479370 -7.5469103 -0.0143427 0.0261662 -0.0304692 0.9990902
1424781484.916528 -90.6302032 354.9179688 -7.5886345 -0.0164136 0.0252831 -0.0293204 0.9991155
1424781485.104001 -90.5750732 356.3956604 -7.6196003 -0.0182287 0.0250354 -0.0274898 0.9991422
1424781485.291476 -90.5085220 357.8554382 -7.6555691 -0.0186508 0.0250073 -0.0260134 0.9991747
1424781485.478950 -90.4486237 359.3342896 -7.6784649 -0.0177810 0.0248004 -0.0262731 0.9991889
1424781485.666425 -90.3829422 360.8094788 -7.7077780 -0.0191514 0.0252741 -0.0254278 0.9991736
1424781485.853899 -90.3049850 362.2751160 -7.7399292 -0.0194110 0.0263214 -0.0251154 0.9991494
1424781486.041373 -90.2375641 363.7419434 -7.7686071 -0.0166482 0.0284416 -0.0263963 0.9991082
1424781486.166356 -90.1846619 364.7224731 -7.7874432 -0.0168537 0.0296507 -0.0267719 0.9990596
1424781486.353830 -90.0942688 366.1939087 -7.8155231 -0.0184243 0.0314404 -0.0265252 0.9989837
1424781486.541305 -90.0063248 367.6710205 -7.8558559 -0.0188343 0.0331716 -0.0239199 0.9989859
1424781486.728780 -89.9039078 369.1525879 -7.8789148 -0.0197266 0.0336773 -0.0201833 0.9990342
1424781486.916254 -89.8132553 370.6293335 -7.9011755 -0.0205894 0.0326566 -0.0181395 0.9990899
1424781487.103728 -89.7381287 372.1039124 -7.9212799 -0.0204094 0.0305411 -0.0172018 0.9991770
1424781487.228711 -89.6855774 373.1000366 -7.9375343 -0.0192664 0.0286884 -0.0163825 0.9992684
1424781487.416185 -89.6220169 374.5817871 -7.9614954 -0.0187454 0.0257878 -0.0156257 0.9993695
1424781487.728642 -89.5387955 377.0498962 -8.0024490 -0.0204559 0.0210316 -0.0158966 0.9994431
1424781488.041099 -89.4733353 379.5189514 -8.0385933 -0.0204633 0.0173944 -0.0184952 0.9994681
1424781488.353556 -89.4304276 382.0159607 -8.0698299 -0.0222582 0.0150340 -0.0249890 0.9993268
1424781488.603524 -89.4073639 384.0109253 -8.1025047 -0.0208575 0.0134971 -0.0290526 0.9992691
1424781488.853488 -89.3671417 386.0148010 -8.1486311 -0.0153488 0.0122774 -0.0294633 0.9993726
1424781489.103451 -89.3466644 388.0588074 -8.1850348 -0.0193441 0.0110558 -0.0271339 0.9993834
1424781489.290928 -89.3220978 389.5456543 -8.2150221 -0.0149845 0.0106395 -0.0258153 0.9994978
1424781489.540894 -89.3025818 391.5373535 -8.2689428 -0.0169223 0.0100819 -0.0241843 0.9995134
1424781489.853350 -89.2595673 394.0090027 -8.3353405 -0.0163732 0.0088286 -0.0219366 0.9995863
1424781490.103316 -89.2495422 395.9991455 -8.3743582 -0.0185612 0.0080795 -0.0214446 0.9995651
1424781490.228300 -89.2433243 396.9748230 -8.3996830 -0.0178687 0.0077193 -0.0206642 0.9995970
1424781490.415773 -89.2387695 398.4570312 -8.4198895 -0.0206340 0.0073521 -0.0209298 0.9995410
1424781490.540758 -89.2331772 399.4191589 -8.4327011 -0.0221532 0.0067231 -0.0212492 0.9995061
1424781490.665740 -89.2286224 400.3723755 -8.4562206 -0.0214890 0.0062439 -0.0217583 0.9995128
1424781490.790722 -89.2246628 401.3212280 -8.4696922 -0.0203109 0.0058256 -0.0219031 0.9995368
1424781490.915705 -89.2232361 402.2757568 -8.4885941 -0.0202492 0.0054810 -0.0223164 0.9995309
1424781491.103179 -89.2264709 403.7145081 -8.4960213 -0.0216245 0.0049570 -0.0237648 0.9994714
1424781491.290654 -89.2322922 405.1182556 -8.5231094 -0.0218270 0.0042377 -0.0251864 0.9994355
1424781491.478126 -89.2312393 406.5014648 -8.5440750 -0.0217010 0.0035142 -0.0265305 0.9994063
1424781491.665601 -89.2437897 407.8987732 -8.5564690 -0.0227484 0.0029270 -0.0291475 0.9993119
1424781491.853077 -89.2443390 409.2623596 -8.5826702 -0.0217376 0.0021128 -0.0293088 0.9993318
1424781492.103043 -89.2612839 411.0712280 -8.6024323 -0.0238111 0.0012354 -0.0317873 0.9992102
1424781492.353009 -89.2822952 412.8733215 -8.6154461 -0.0240546 -0.0000234 -0.0340128 0.9991319
1424781492.665465 -89.3023224 415.0795593 -8.6551571 -0.0152997 -0.0012479 -0.0331999 0.9993308
1424781493.040414 -89.3316116 417.7592163 -8.7075653 -0.0187614 -0.0024860 -0.0303245 0.9993609
1424781493.352871 -89.3536072 419.9854126 -8.7522650 -0.0163712 -0.0028991 -0.0289901 0.9994414
1424781493.602837 -89.3844681 421.7607117 -8.7836485 -0.0171395 -0.0030067 -0.0262385 0.9995043
1424781493.852803 -89.4095001 423.5402527 -8.8258476 -0.0164251 -0.0029963 -0.0227498 0.9996018
1424781494.102769 -89.4392776 425.3460693 -8.8489866 -0.0184443 -0.0029912 -0.0232898 0.9995541
1424781494.352734 -89.4662628 427.1350708 -8.8878050 -0.0185560 -0.0036143 -0.0224115 0.9995701
1424781494.665192 -89.4942322 429.3661804 -8.9258499 -0.0172656 -0.0054302 -0.0223549 0.9995862
1424781494.977649 -89.5588837 431.5895386 -8.9688597 -0.0179939 -0.0066929 -0.0231292 0.9995481
1424781495.290106 -89.6293335 433.8017883 -9.0153179 -0.0192105 -0.0078032 -0.0227217 0.9995268
1424781495.540072 -89.6878128 435.5576172 -9.0296745 -0.0217084 -0.0087357 -0.0225936 0.9994708
1424781495.977511 -89.7875443 438.5693054 -9.0758610 -0.0216316 -0.0083635 -0.0250999 0.9994159
1424781496.227478 -89.8286285 440.2561035 -9.1121883 -0.0211949 -0.0082795 -0.0257904 0.9994084
1424781496.477444 -89.8768692 441.9381104 -9.1270599 -0.0200300 -0.0076846 -0.0274093 0.9993941
1424781496.664915 -89.9048157 443.1688232 -9.1496754 -0.0195407 -0.0077139 -0.0287065 0.9993671
1424781496.914881 -89.9458313 444.8078003 -9.1714993 -0.0198717 -0.0074527 -0.0300295 0.9993237
1424781497.164848 -89.9911728 446.4456177 -9.1983318 -0.0196447 -0.0074626 -0.0319837 0.9992675
1424781497.352324 -90.0281219 447.6632996 -9.2208519 -0.0194403 -0.0082313 -0.0335067 0.9992155
1424781497.602288 -90.0865021 449.2864685 -9.2488136 -0.0190432 -0.0091532 -0.0359012 0.9991320
1424781497.852255 -90.1436157 450.9006042 -9.2877045 -0.0175082 -0.0100567 -0.0367425 0.9991208
1424781498.039728 -90.1921997 452.1399841 -9.2979927 -0.0190813 -0.0103819 -0.0356576 0.9991279
1424781498.289694 -90.2560501 453.7802734 -9.3085823 -0.0201874 -0.0110617 -0.0351584 0.9991166
1424781498.477168 -90.3097305 454.9787292 -9.3495121 -0.0202676 -0.0113590 -0.0352458 0.9991086
1424781498.602152 -90.3470154 455.7751465 -9.3845940 -0.0197977 -0.0113578 -0.0356222 0.9991047
1424781498.789626 -90.4031525 456.9693909 -9.4134064 -0.0199440 -0.0117631 -0.0363764 0.9990699
1424781498.977100 -90.4583435 458.1651001 -9.4414787 -0.0204535 -0.0119401 -0.0366891 0.9990460
1424781499.164575 -90.5127945 459.3630676 -9.4750690 -0.0205673 -0.0120486 -0.0370601 0.9990287
1424781499.352047 -90.5663452 460.5455627 -9.4950027 -0.0206198 -0.0120416 -0.0371771 0.9990234
1424781499.539523 -90.6178207 461.7430725 -9.5033436 -0.0210489 -0.0120107 -0.0366441 0.9990345
1424781499.789489 -90.6780777 463.3552856 -9.4894371 -0.0218552 -0.0119350 -0.0364511 0.9990252
1424781499.976963 -90.7215958 464.5392761 -9.4868889 -0.0224193 -0.0122178 -0.0367317 0.9989989
1424781500.164436 -90.7661896 465.6952515 -9.4917889 -0.0224949 -0.0125240 -0.0370414 0.9989820
1424781500.289420 -90.7924347 466.4447632 -9.5004101 -0.0225023 -0.0126930 -0.0377659 0.9989526
1424781500.476894 -90.8382263 467.5653687 -9.5177822 -0.0219484 -0.0130947 -0.0393183 0.9988998
1424781500.664368 -90.8795395 468.6796265 -9.5322189 -0.0207097 -0.0136993 -0.0400943 0.9988873
1424781500.851844 -90.9264450 469.7757263 -9.5452843 -0.0214008 -0.0135624 -0.0403265 0.9988652
1424781501.101809 -90.9922791 471.2305603 -9.5573559 -0.0218655 -0.0133475 -0.0404386 0.9988536
1424781501.289283 -91.0375900 472.2756958 -9.5705681 -0.0221086 -0.0137201 -0.0407126 0.9988320
1424781501.539249 -91.0950012 473.6543884 -9.6066170 -0.0213142 -0.0146173 -0.0426372 0.9987563
1424781501.726725 -91.1405182 474.6822510 -9.6275444 -0.0215251 -0.0145367 -0.0421397 0.9987741
1424781501.914197 -91.1878738 475.7061157 -9.6264496 -0.0226298 -0.0140800 -0.0412422 0.9987937
1424781502.101672 -91.2326660 476.7012939 -9.6336021 -0.0233010 -0.0140534 -0.0407953 0.9987969
1424781502.289146 -91.2770691 477.6470642 -9.6478462 -0.0235177 -0.0138553 -0.0402131 0.9988182
1424781502.476621 -91.3274078 478.5737915 -9.6636887 -0.0228881 -0.0134607 -0.0401832 0.9988394
1424781502.664094 -91.3781052 479.4584045 -9.6915245 -0.0231453 -0.0135612 -0.0405854 0.9988159
1424781502.914060 -91.4660492 480.6388245 -9.6930771 -0.0234573 -0.0145926 -0.0414631 0.9987580
1424781503.101534 -91.5423889 481.4634399 -9.6889191 -0.0237917 -0.0174956 -0.0422787 0.9986693
1424781503.351500 -91.6192627 482.4538269 -9.6957245 -0.0257491 -0.0275943 -0.0402907 0.9984750
1424781503.663955 -91.7695465 483.6114502 -9.6901722 -0.0244120 -0.0501510 -0.0392334 0.9976721
1424781504.038906 -92.0596695 484.8459473 -9.7008533 -0.0227157 -0.0911996 -0.0381289 0.9948431
1424781504.476347 -92.5734024 486.1440735 -9.7022934 -0.0205469 -0.1628753 -0.0348261 0.9858177
1424781504.788803 -93.0883179 486.9527588 -9.7014713 -0.0207611 -0.2263648 -0.0345139 0.9732095
1424781505.226244 -93.9927979 487.9088135 -9.6765671 -0.0215998 -0.3259598 -0.0335558 0.9445410
1424781505.538700 -94.7750549 488.4366760 -9.6454010 -0.0188977 -0.3996701 -0.0385876 0.9156516
1424781505.851158 -95.6367798 488.8560486 -9.6080856 -0.0249426 -0.4710507 -0.0379527 0.8809363
1424781506.163613 -96.5986176 489.1461182 -9.5671215 -0.0259661 -0.5373322 -0.0428846 0.8418793
1424781506.351090 -97.2115479 489.2714844 -9.5376873 -0.0260108 -0.5740795 -0.0430104 0.8172553
1424781506.476072 -97.6371613 489.3369751 -9.5165348 -0.0268146 -0.5960727 -0.0442913 0.8012593
1424781506.601055 -98.0841599 489.3841858 -9.4913082 -0.0282084 -0.6158112 -0.0464616 0.7860166
1424781506.726038 -98.5408401 489.4262695 -9.4645576 -0.0294942 -0.6338160 -0.0476731 0.7714497
1424781506.851021 -99.0047073 489.4478760 -9.4358902 -0.0301866 -0.6486880 -0.0489126 0.7588809
1424781507.038495 -99.7303162 489.4660950 -9.3908367 -0.0306785 -0.6683619 -0.0525854 0.7413406
1424781507.288461 -100.7498322 489.4543152 -9.3136511 -0.0301320 -0.6887652 -0.0565591 0.7221466
1424781507.538428 -101.8197327 489.4150085 -9.2321377 -0.0308267 -0.7032106 -0.0599985 0.7077745
1424781507.788393 -102.9376450 489.3562927 -9.1460867 -0.0283306 -0.7127612 -0.0607407 0.6981972
1424781508.100850 -104.4318695 489.2740479 -9.0273294 -0.0281769 -0.7190636 -0.0626252 0.6915430
1424781508.413306 -106.0025330 489.1915588 -8.8962717 -0.0279348 -0.7197952 -0.0641397 0.6906523
1424781508.725765 -107.6550598 489.1234741 -8.7705784 -0.0279746 -0.7180091 -0.0630139 0.6926107
1424781509.038221 -109.3865051 489.0563660 -8.6341982 -0.0280542 -0.7166138 -0.0616179 0.6941764
1424781509.475662 -111.9213715 488.9758301 -8.4441271 -0.0288290 -0.7153385 -0.0609465 0.6955180
1424781509.850609 -114.1597824 488.9036255 -8.2651987 -0.0299436 -0.7146342 -0.0611917 0.6961731
1424781510.225558 -116.4611969 488.8345642 -8.0873833 -0.0314434 -0.7138714 -0.0627366 0.6967518
1424781510.538016 -118.4290161 488.7761841 -7.9460287 -0.0254844 -0.7128145 -0.0595486 0.6983553
1424781510.912964 -120.8590088 488.7229614 -7.7794075 -0.0253111 -0.7110655 -0.0590763 0.7001823
1424781511.287913 -123.3460388 488.6807556 -7.6087894 -0.0260488 -0.7094819 -0.0582053 0.7018327
1424781511.600369 -125.4730606 488.6554871 -7.4664984 -0.0270557 -0.7087245 -0.0577332 0.7025984
1424781511.912827 -127.6275482 488.6306763 -7.3202896 -0.0276321 -0.7080621 -0.0572867 0.7032800
1424781512.162793 -129.3932037 488.6051025 -7.1976452 -0.0300856 -0.7076106 -0.0584489 0.7035381
1424781512.475250 -131.6146851 488.5845337 -7.0366745 -0.0313224 -0.7073503 -0.0576918 0.7038083
1424781512.725215 -133.4121094 488.5610046 -6.9080391 -0.0312800 -0.7070645 -0.0563593 0.7042052
1424781512.975181 -135.2336578 488.5469666 -6.7814770 -0.0305717 -0.7069542 -0.0562379 0.7043567
1424781513.225147 -137.0404816 488.5342712 -6.6574306 -0.0297863 -0.7067707 -0.0575779 0.7044663
1424781513.537605 -139.2905579 488.5161743 -6.5052834 -0.0305809 -0.7064585 -0.0572763 0.7047699
1424781513.975042 -142.4072113 488.4988403 -6.3131142 -0.0312394 -0.7060533 -0.0554377 0.7052939
1424781514.287502 -144.6094360 488.4833069 -6.1638241 -0.0322631 -0.7060125 -0.0558046 0.7052597
1424781514.662451 -147.2253876 488.4674072 -5.9927139 -0.0324231 -0.7065536 -0.0541986 0.7048357
1424781515.099890 -150.2935028 488.4402771 -5.7823906 -0.0349858 -0.7070043 -0.0561821 0.7041054
1424781515.537330 -153.4006195 488.4272766 -5.5811787 -0.0334111 -0.7077435 -0.0492747 0.7039565
1424781515.912279 -156.0853729 488.4037476 -5.4164715 -0.0330292 -0.7075253 -0.0516471 0.7040240
1424781516.287227 -158.7946625 488.3848877 -5.2491913 -0.0324161 -0.7064728 -0.0521783 0.7050694
1424781516.662176 -161.5187378 488.3846130 -5.0700150 -0.0322286 -0.7051840 -0.0529311 0.7063109
1424781517.037125 -164.2899475 488.3819580 -4.8918629 -0.0345183 -0.7035407 -0.0525294 0.7078698
1424781517.349583 -166.6011353 488.4099426 -4.7332439 -0.0359010 -0.7028270 -0.0495813 0.7087221
1424781517.599548 -168.4639282 488.4252014 -4.6092720 -0.0371980 -0.7020997 -0.0506163 0.7093027
1424781517.849513 -170.3201294 488.4443359 -4.4859161 -0.0369241 -0.7016906 -0.0514200 0.7096639
1424781518.099479 -172.1924133 488.4533081 -4.3561325 -0.0357523 -0.7012141 -0.0533690 0.7100509
1424781518.349444 -174.0723419 488.4618530 -4.2247429 -0.0321492 -0.7012396 -0.0532366 0.7102079
1424781518.661899 -176.4419403 488.4764099 -4.0770760 -0.0306737 -0.7010824 -0.0541929 0.7103561
1424781519.036851 -179.2764435 488.4956360 -3.8957787 -0.0285582 -0.7011240 -0.0527133 0.7105145
1424781519.411799 -182.1137390 488.5220642 -3.7230930 -0.0291103 -0.7010502 -0.0521044 0.7106099
1424781519.786748 -184.9614716 488.5403442 -3.5540028 -0.0303438 -0.7016265 -0.0515823 0.7100273
1424781520.161697 -187.8121338 488.5632629 -3.3666534 -0.0332685 -0.7024963 -0.0498149 0.7091619
1424781520.411663 -189.6940460 488.5677490 -3.2587013 -0.0334143 -0.7034293 -0.0487352 0.7083048
1424781520.661628 -191.5943298 488.5578308 -3.1362381 -0.0318032 -0.7047232 -0.0509818 0.7069333
1424781520.911594 -193.4988708 488.5327454 -3.0269260 -0.0266243 -0.7068558 -0.0504074 0.7050568
1424781521.224051 -195.8722534 488.4896545 -2.8838749 -0.0329882 -0.7094197 -0.0556366 0.7018120
1424781521.474017 -197.7722778 488.4412842 -2.7461319 -0.0356723 -0.7122133 -0.0590354 0.6985660
1424781521.848965 -200.6177368 488.3330994 -2.5176125 -0.0308453 -0.7171621 -0.0596498 0.6936635
1424781522.161422 -202.9497070 488.2372131 -2.3560238 -0.0298354 -0.7231288 -0.0589541 0.6875457
1424781522.473880 -205.3141479 488.0469666 -2.1935463 -0.0258125 -0.7296190 -0.0570076 0.6809846
1424781522.911319 -208.6440277 487.7151184 -1.9551563 -0.0262447 -0.7386850 -0.0599876 0.6708630
1424781523.286269 -211.4785614 487.3431702 -1.7576923 -0.0219121 -0.7462187 -0.0613362 0.6625069
1424781523.661217 -214.3079529 486.9241333 -1.5566006 -0.0220253 -0.7538021 -0.0641971 0.6535870
1424781523.973675 -216.6721802 486.5321960 -1.3953857 -0.0211223 -0.7595180 -0.0598009 0.6473871
1424781524.411114 -220.0066986 485.9198303 -1.1595364 -0.0229384 -0.7646991 -0.0555704 0.6415770
1424781524.723571 -222.3889771 485.4691467 -0.9838886 -0.0280619 -0.7650946 -0.0576114 0.6407212
1424781525.161012 -225.7107391 484.8339844 -0.7430115 -0.0257661 -0.7658281 -0.0550660 0.6401650
1424781525.410978 -227.5990601 484.4860535 -0.6053200 -0.0277798 -0.7657812 -0.0575590 0.6399176
1424781525.723435 -229.9010010 484.0549316 -0.4457169 -0.0283754 -0.7657840 -0.0574538 0.6398975
1424781526.098384 -232.6489716 483.5488892 -0.2802353 -0.0291731 -0.7656124 -0.0585011 0.6399720
1424781526.473331 -235.4493866 483.0146790 -0.0739231 -0.0281371 -0.7659844 -0.0570265 0.6397064
1424781526.910771 -238.6600647 482.4086914 0.1444550 -0.0268654 -0.7667775 -0.0588437 0.6386454
1424781527.160737 -240.4749146 482.0538025 0.2663727 -0.0241443 -0.7672158 -0.0606365 0.6380597
1424781527.535686 -243.1691589 481.5295410 0.4499073 -0.0229934 -0.7681049 -0.0624854 0.6368530
1424781527.973127 -246.2820587 480.9400940 0.6614685 -0.0231889 -0.7686239 -0.0637034 0.6360986
1424781528.348075 -248.9464264 480.3956909 0.8513489 -0.0216052 -0.7687077 -0.0621487 0.6362069
1424781528.660531 -251.1825562 479.9504089 1.0131168 -0.0228001 -0.7686392 -0.0635433 0.6361102
1424781528.910498 -252.9448547 479.6111755 1.1319065 -0.0230761 -0.7682574 -0.0621821 0.6366958
1424781529.160464 -254.7288971 479.2606201 1.2719975 -0.0255995 -0.7680136 -0.0629707 0.6368158
1424781529.472921 -256.9181519 478.8481445 1.4245605 -0.0265440 -0.7680538 -0.0632111 0.6367049
1424781529.722886 -258.6488953 478.5239868 1.5402851 -0.0258995 -0.7684297 -0.0608395 0.6365089
1424781530.035343 -260.8353271 478.0950317 1.6962166 -0.0284829 -0.7684016 -0.0600016 0.6365120
1424781530.410292 -263.4100952 477.6127014 1.8669567 -0.0275308 -0.7689787 -0.0568900 0.6361426
1424781530.660258 -265.1062622 477.2870178 1.9669113 -0.0270184 -0.7690599 -0.0572552 0.6360336
1424781531.097698 -268.0376892 476.7172546 2.1514759 -0.0259498 -0.7694312 -0.0589788 0.6354713
1424781531.472646 -270.5062256 476.2378845 2.3032360 -0.0254613 -0.7693606 -0.0601858 0.6354634
1424781531.847595 -272.9154053 475.7809143 2.4671783 -0.0279368 -0.7691391 -0.0638566 0.6352692
1424781532.222544 -275.2629395 475.3084412 2.6537819 -0.0302056 -0.7682865 -0.0631517 0.6362667
1424781532.535001 -277.1564941 474.9523621 2.7964935 -0.0307003 -0.7680614 -0.0640564 0.6364244
1424781533.034933 -280.0472717 474.3989258 2.9831657 -0.0296952 -0.7675133 -0.0620385 0.6373326
1424781533.722337 -283.6841736 473.7410583 3.2599106 -0.0340405 -0.7650740 -0.0626389 0.6399840
1424781534.222270 -286.0807800 473.3738403 3.4507885 -0.0360066 -0.7550961 -0.0585592 0.6520001
1424781534.972167 -289.2513733 473.1759338 3.6633186 -0.0310747 -0.7147548 -0.0598416 0.6961170
1424781535.534590 -291.4015503 473.4725952 3.7942963 -0.0348393 -0.6536212 -0.0572968 0.7538452
1424781536.097013 -293.3713379 474.2606201 3.9174042 -0.0413408 -0.5649881 -0.0503103 0.8225256
1424781536.471962 -294.5318604 475.0777588 4.0077629 -0.0453574 -0.4905397 -0.0462694 0.8690067
1424781536.971894 -295.8283691 476.4940491 4.1288376 -0.0476312 -0.3804400 -0.0493842 0.9222569
1424781537.346842 -296.6001282 477.7884216 4.2238960 -0.0455640 -0.2903154 -0.0542352 0.9543057
1424781537.596808 -297.0043335 478.7619629 4.2728996 -0.0435880 -0.2326685 -0.0560283 0.9699620
1424781537.909264 -297.3934937 480.0579529 4.3278999 -0.0370488 -0.1713699 -0.0543822 0.9830068
1424781538.159230 -297.6593628 481.1581116 4.3635788 -0.0369451 -0.1356145 -0.0547738 0.9885563
1424781538.534179 -297.9809570 482.8685913 4.4040413 -0.0343549 -0.0998945 -0.0552396 0.9928693
1424781539.221585 -298.4862061 486.2089233 4.4441891 -0.0278354 -0.0680936 -0.0551605 0.9957639
1424781539.596532 -298.7361755 488.1362305 4.4756336 -0.0293598 -0.0618627 -0.0527800 0.9962556
1424781539.846499 -298.9008179 489.4689026 4.4918232 -0.0303481 -0.0600392 -0.0511262 0.9964238
1424781540.158955 -299.1161194 491.1878662 4.5161037 -0.0302409 -0.0581700 -0.0535932 0.9964083
1424781540.471414 -299.3293152 492.9467773 4.5411892 -0.0304781 -0.0572484 -0.0506268 0.9966096
1424781540.783871 -299.5567932 494.7687988 4.5759888 -0.0334048 -0.0568067 -0.0515574 0.9964933
1424781541.033837 -299.7381287 496.2572632 4.6003342 -0.0342497 -0.0576341 -0.0498078 0.9965061
1424781541.283803 -299.9327087 497.7877808 4.6307812 -0.0311557 -0.0583210 -0.0481849 0.9966475
1424781541.471277 -300.0741882 498.9306946 4.6429596 -0.0278641 -0.0591076 -0.0477918 0.9967175
1424781541.783734 -300.3344116 500.8977661 4.6655350 -0.0293842 -0.0601461 -0.0481841 0.9965929
1424781541.971208 -300.4831238 502.0767822 4.6772232 -0.0292057 -0.0606949 -0.0478183 0.9965824
1424781542.221174 -300.6905518 503.6824646 4.6993599 -0.0317640 -0.0611929 -0.0462952 0.9965457
1424781542.471140 -300.9076843 505.3108215 4.7279034 -0.0307714 -0.0615309 -0.0463281 0.9965544
1424781542.846088 -301.2238159 507.7661133 4.7645054 -0.0297388 -0.0616813 -0.0456288 0.9966088
1424781543.096056 -301.4567871 509.4130859 4.7882423 -0.0345313 -0.0614502 -0.0483964 0.9963379
1424781543.346019 -301.6506348 511.0588684 4.8083839 -0.0310658 -0.0618649 -0.0481854 0.9964365
1424781543.720969 -301.9691467 513.5086060 4.8445263 -0.0300579 -0.0619584 -0.0465938 0.9965373
1424781543.970934 -302.2041931 515.1494751 4.8468723 -0.0303613 -0.0612253 -0.0450818 0.9966430
1424781544.283391 -302.4855042 517.2075195 4.8918114 -0.0312827 -0.0617662 -0.0431665 0.9966660
1424781544.658340 -302.8002930 519.6557007 4.9116364 -0.0297676 -0.0639173 -0.0431296 0.9965783
1424781544.970798 -303.1027527 521.7332153 4.9580612 -0.0320767 -0.0643348 -0.0460801 0.9963477
1424781545.220763 -303.3229370 523.3865356 4.9777794 -0.0313605 -0.0648186 -0.0433203 0.9964629
1424781545.470729 -303.5445557 525.0895386 5.0080872 -0.0346064 -0.0636725 -0.0375760 0.9966626
1424781545.720695 -303.7592163 526.7520142 5.0009670 -0.0212934 -0.0622626 -0.0352561 0.9972096
1424781545.908169 -303.9201660 528.0401611 5.0110683 -0.0295469 -0.0587793 -0.0353854 0.9972060
1424781546.095643 -304.0763550 529.3168335 5.0251274 -0.0358848 -0.0564321 -0.0396965 0.9969714
1424781546.283119 -304.2166748 530.5918579 5.0536537 -0.0369420 -0.0540601 -0.0412745 0.9970001
1424781546.408100 -304.3239136 531.4453735 5.0593395 -0.0287790 -0.0522712 -0.0457134 0.9971709
1424781546.658066 -304.5074463 533.1664429 5.0632019 -0.0241791 -0.0491100 -0.0463908 0.9974224
1424781546.908032 -304.6802063 534.9055176 5.0504169 -0.0229338 -0.0447353 -0.0467179 0.9976423
1424781547.095505 -304.7914734 536.2235107 5.0531845 -0.0229490 -0.0406722 -0.0420148 0.9980250
1424781547.282981 -304.8817749 537.5242920 5.0324097 -0.0213216 -0.0373326 -0.0369721 0.9983911
1424781547.470455 -305.0037842 538.7987061 4.9934397 -0.0055790 -0.0339967 -0.0528042 0.9980104
1424781547.657930 -305.0786438 540.1157837 4.9641361 -0.0179969 -0.0308989 -0.0500998 0.9981039
1424781547.845403 -305.1587524 541.4201660 4.9447136 -0.0203165 -0.0272175 -0.0479510 0.9982721
1424781548.032878 -305.2318115 542.7562256 4.9302177 -0.0189533 -0.0253398 -0.0449317 0.9984888
1424781548.282843 -305.3151245 544.5023804 4.9042473 -0.0219097 -0.0225928 -0.0398047 0.9987117
1424781548.532809 -305.4010315 546.2456055 4.8921680 -0.0250836 -0.0203854 -0.0405487 0.9986546
1424781548.657792 -305.4478760 547.1094360 4.8770199 -0.0197717 -0.0197603 -0.0427513 0.9986946
1424781548.782775 -305.4860840 547.9664307 4.8579998 -0.0149831 -0.0197943 -0.0417575 0.9988193
1424781548.970250 -305.5569153 549.2914429 4.8562698 -0.0177949 -0.0186660 -0.0422610 0.9987737
1424781549.220215 -305.6691589 551.0120239 4.8017864 -0.0206831 -0.0172619 -0.0429245 0.9987150
1424781549.407688 -305.7405090 552.2817383 4.7500286 -0.0226195 -0.0163095 -0.0441687 0.9986348
1424781549.532673 -305.7595825 553.0570679 4.7006359 -0.0248068 -0.0168669 -0.0468580 0.9984510
1424781549.720147 -305.8027954 554.2451172 4.6427364 -0.0274368 -0.0167183 -0.0493187 0.9982662
1424781549.907621 -305.8254395 555.3967285 4.5775661 -0.0306130 -0.0173188 -0.0532378 0.9979622
1405349526.219445 12.5283680 -30.0483131 -1.0145371 -0.0215203 -0.2935997 -0.0161683 0.9555464
1405349526.281935 12.0335236 -29.4728680 -1.0546436 -0.0221438 -0.2836069 -0.0161420 0.9585460
1405349526.344426 11.5473557 -28.9039841 -1.1027887 -0.0232691 -0.2734856 -0.0163641 0.9614524
1405349526.406919 11.0723085 -28.3347549 -1.1427342 -0.0244619 -0.2634570 -0.0176421 0.9641966
1405349526.469406 10.6104326 -27.7464066 -1.1732684 -0.0256836 -0.2532260 -0.0184405 0.9668874
1405349526.594388 9.7623348 -26.5775528 -1.1858294 -0.0275576 -0.2321901 -0.0189128 0.9720931
1405349526.719367 9.0124941 -25.3904076 -1.1934078 -0.0288129 -0.2107358 -0.0190912 0.9769289
1405349526.781860 8.6909666 -24.8277798 -1.1887803 -0.0281762 -0.2002006 -0.0188311 0.9791658
1405349526.906837 8.1561537 -23.7450466 -1.1712716 -0.0253097 -0.1794180 -0.0172667 0.9832929
1405349527.031817 7.7742209 -22.7190590 -1.1381127 -0.0222508 -0.1596245 -0.0179600 0.9867608
1405349527.219289 7.2390022 -21.1359444 -1.0794941 -0.0214925 -0.1305364 -0.0210499 0.9909842
1405349527.469250 6.7185125 -18.9612560 -1.0561323 -0.0225736 -0.0945246 -0.0206761 0.9950491
1405349527.719210 6.4456730 -16.7479095 -1.0444375 -0.0210818 -0.0643287 -0.0166441 0.9975645
1405349528.031662 6.1928043 -13.9859371 -1.0243559 -0.0209760 -0.0362103 -0.0113474 0.9990569
1405349528.406639 6.0100045 -10.6371861 -1.0446340 -0.0165346 -0.0185986 -0.0071265 0.9996622
1405349528.781593 5.8017435 -7.2520027 -1.1171417 -0.0113850 -0.0151809 -0.0078076 0.9997867
1405349529.156534 5.5938148 -3.7560163 -1.1752261 -0.0147716 -0.0154303 -0.0056245 0.9997533
1405349529.406494 5.4624004 -1.4479017 -1.2273402 -0.0143832 -0.0172542 -0.0031217 0.9997401
1405349529.718945 5.2867937 1.4548980 -1.2843397 -0.0147314 -0.0213775 -0.0016760 0.9996588
1405349530.031396 5.0686607 4.3936262 -1.3618151 -0.0141163 -0.0257204 -0.0024996 0.9995637
1405349530.218866 4.9158826 6.1756806 -1.4042087 -0.0129320 -0.0276826 -0.0038671 0.9995229
1405349530.406345 4.7573795 7.9537573 -1.4518754 -0.0112253 -0.0293037 -0.0070329 0.9994801
1405349530.593832 4.5994349 9.7524128 -1.4981338 -0.0121025 -0.0309587 -0.0065555 0.9994232
1405349530.781320 4.4212751 11.5677471 -1.5417795 -0.0128025 -0.0317387 -0.0080114 0.9993794
1405349530.968799 4.2056241 13.4056044 -1.5939133 -0.0127941 -0.0318846 -0.0078284 0.9993763
1405349531.156269 4.0036998 15.2475758 -1.6402483 -0.0126860 -0.0317648 -0.0073005 0.9993855
1405349531.343742 3.7846789 17.0884914 -1.6794999 -0.0131964 -0.0316434 -0.0067674 0.9993865
1405349531.531211 3.5826735 18.9134846 -1.7424685 -0.0128872 -0.0314974 -0.0074866 0.9993900
1405349531.718679 3.5445471 20.7749252 -1.7199010 -0.0102865 -0.0324970 -0.0099780 0.9993691
1405349531.906151 3.3684371 22.5905266 -1.7742372 -0.0100549 -0.0316721 -0.0102192 0.9993955
1405349532.093616 3.1597843 24.3977509 -1.8406126 -0.0105219 -0.0314002 -0.0100435 0.9994010
1405349532.218596 3.0202947 25.5942440 -1.8844988 -0.0106309 -0.0318185 -0.0103607 0.9993834
1405349532.343575 2.8782494 26.8031406 -1.9171944 -0.0110490 -0.0320368 -0.0109559 0.9993656
1405349532.468553 2.7346659 27.9982662 -1.9406308 -0.0115858 -0.0324388 -0.0116090 0.9993392
1405349532.593532 2.6057370 29.1935825 -1.9699473 -0.0119296 -0.0330729 -0.0125475 0.9993030
1405349532.718513 2.4855990 30.3743401 -1.9995003 -0.0118323 -0.0334038 -0.0122529 0.9992968
1405349532.843492 2.3665912 31.5489349 -2.0359817 -0.0114045 -0.0332786 -0.0124424 0.9993036
1405349532.968472 2.2475543 32.7313766 -2.0626442 -0.0104879 -0.0328532 -0.0114599 0.9993395
1405349533.093450 2.1354537 33.9097404 -2.0956044 -0.0095168 -0.0326321 -0.0107595 0.9993642
1405349533.218428 2.0253839 35.0858192 -2.1307478 -0.0094606 -0.0323362 -0.0110475 0.9993712
1405349533.343408 1.9190443 36.2526245 -2.1702759 -0.0094681 -0.0324086 -0.0111877 0.9993672
1405349533.468387 1.8032596 37.4334488 -2.2126422 -0.0093181 -0.0328617 -0.0118245 0.9993466
1405349533.593367 1.6920385 38.6058807 -2.2493606 -0.0080423 -0.0335235 -0.0126364 0.9993257
1405349533.780835 1.5114820 40.3622589 -2.3139763 -0.0068805 -0.0339826 -0.0141206 0.9992990
1405349533.905814 1.3884530 41.5386925 -2.3437541 -0.0064398 -0.0343792 -0.0144693 0.9992834
1405349534.093283 1.2128129 43.2822189 -2.3978522 -0.0062619 -0.0345829 -0.0144109 0.9992783
1405349534.218262 1.0954967 44.4308128 -2.4367113 -0.0054921 -0.0346208 -0.0146881 0.9992775
1405349534.343242 0.9796093 45.5777359 -2.4853525 -0.0049549 -0.0347839 -0.0148226 0.9992726
1405349534.468221 0.8600333 46.7272720 -2.5342727 -0.0046232 -0.0347527 -0.0151382 0.9992706
1405349534.655690 0.6683474 48.4496727 -2.6077640 -0.0048139 -0.0346649 -0.0155330 0.9992667
1405349534.843159 0.4734797 50.1684265 -2.6582465 -0.0053929 -0.0347494 -0.0159813 0.9992537
1405349535.030627 0.2714901 51.8767662 -2.6972790 -0.0070344 -0.0348459 -0.0161819 0.9992369
1405349535.155608 0.1377287 52.9884415 -2.7348354 -0.0074125 -0.0348634 -0.0165947 0.9992268
1405349535.280591 0.0142102 54.0792961 -2.7834318 -0.0071645 -0.0352149 -0.0171281 0.9992073
1405349535.405572 -0.1068158 55.1639137 -2.8249555 -0.0057127 -0.0354569 -0.0174490 0.9992025
1405349535.530549 -0.2174985 56.2296295 -2.8655970 -0.0045593 -0.0359868 -0.0180897 0.9991781
1405349535.655529 -0.3335407 57.2793999 -2.9176669 -0.0041435 -0.0363217 -0.0181307 0.9991671
1405349535.780510 -0.4444969 58.3291817 -2.9660010 -0.0045129 -0.0366711 -0.0191417 0.9991339
1405349535.967991 -0.6626735 59.6657295 -2.9940019 -0.0056184 -0.0372867 -0.0213451 0.9990608
1405349536.217960 -0.8797419 61.4905205 -3.1036384 -0.0061278 -0.0388581 -0.0246726 0.9989213
1405349536.405433 -1.0172963 62.8617821 -3.1531041 -0.0058653 -0.0408444 -0.0270108 0.9987831
1405349536.655403 -1.2327747 64.6076584 -3.2100973 -0.0065414 -0.0430895 -0.0288586 0.9986329
1405349536.842888 -1.3585882 65.9631424 -3.2740126 -0.0064145 -0.0455593 -0.0281426 0.9985446
1405349537.030376 -1.4921360 67.3068695 -3.3363624 -0.0059265 -0.0480786 -0.0271601 0.9984567
1405349537.217863 -1.6408668 68.6628952 -3.3896255 -0.0065225 -0.0505114 -0.0260159 0.9983633
1405349537.467851 -1.8502321 70.4682083 -3.4653916 -0.0082418 -0.0543494 -0.0258018 0.9981545
1405349537.655339 -2.0162416 71.8268738 -3.5175331 -0.0067704 -0.0573531 -0.0253241 0.9980098
1405349537.842829 -2.1904001 73.1480713 -3.5634208 -0.0064528 -0.0598209 -0.0261005 0.9978470
1405349538.092807 -2.4373970 74.9812469 -3.6396604 -0.0067344 -0.0627503 -0.0265998 0.9976520
1405349538.280285 -2.6367912 76.3408127 -3.6892958 -0.0069699 -0.0647105 -0.0276866 0.9974956
1405349538.467773 -2.8262396 77.6963501 -3.7381713 -0.0076996 -0.0672686 -0.0273200 0.9973311
1405349538.717761 -3.1083031 79.5328217 -3.8080027 -0.0083126 -0.0713227 -0.0266798 0.9970618
1405349538.905231 -3.3277054 80.8947754 -3.8616381 -0.0069644 -0.0755716 -0.0271160 0.9967473
1405349539.217700 -3.7373295 83.1788025 -3.9408727 -0.0070497 -0.0814725 -0.0296117 0.9962106
1405349539.530152 -4.1622419 85.4823151 -4.0248146 -0.0081502 -0.0876323 -0.0303959 0.9956557
1405349539.842600 -4.6087036 87.7581253 -4.1103811 -0.0055777 -0.0941209 -0.0321282 0.9950266
1405349540.155049 -5.0905218 90.0308685 -4.2036538 -0.0059366 -0.1002499 -0.0325324 0.9944125
1405349540.467499 -5.6138391 92.3179092 -4.2814102 -0.0078302 -0.1061915 -0.0326248 0.9937795
1405349540.779977 -6.1488285 94.5993500 -4.3639269 -0.0074948 -0.1124803 -0.0311164 0.9931384
1405349541.154935 -6.8441830 97.3644180 -4.4530077 -0.0077445 -0.1196598 -0.0302350 0.9923242
1405349541.467388 -7.4549217 99.6523209 -4.5270672 -0.0077365 -0.1244906 -0.0310916 0.9917034
1405349541.779837 -8.0858593 101.9646454 -4.6040020 -0.0076295 -0.1275468 -0.0314224 0.9913054
1405349542.154777 -8.8668804 104.7515793 -4.6957169 -0.0066367 -0.1314505 -0.0350099 0.9906821
1405349542.467237 -9.5424728 107.0849609 -4.7732582 -0.0063308 -0.1344379 -0.0353891 0.9902697
1405349542.842214 -10.3526344 109.8855591 -4.8761783 -0.0062147 -0.1380655 -0.0331689 0.9898480
1405349543.342131 -11.4676666 113.6205673 -5.0100069 -0.0048390 -0.1440624 -0.0311075 0.9890677
1405349543.842049 -12.6635113 117.3904648 -5.1359911 -0.0068404 -0.1498749 -0.0325548 0.9881452
1405349544.404458 -14.0576496 121.6627731 -5.2590528 -0.0062348 -0.1528878 -0.0382576 0.9874831
1405349544.779396 -14.9900150 124.5372086 -5.3504558 -0.0064544 -0.1534237 -0.0394561 0.9873514
1405349545.279311 -16.2532902 128.3557434 -5.4682360 -0.0087244 -0.1545471 -0.0413617 0.9870807
1405349545.716739 -17.3656025 131.6780701 -5.5825243 -0.0072690 -0.1551718 -0.0423186 0.9869539
1405349546.216661 -18.6196346 135.4787445 -5.6951008 -0.0065593 -0.1554182 -0.0366442 0.9871471
1405349546.591602 -19.5387974 138.3010864 -5.7894793 -0.0074067 -0.1562452 -0.0338355 0.9871108
1405349547.029028 -20.6638641 141.6088104 -5.9084992 -0.0067654 -0.1570343 -0.0366815 0.9868885
1405349547.466464 -21.7934704 144.9382019 -5.9981642 -0.0118717 -0.1578173 -0.0375610 0.9866823
1405349547.903939 -22.9380455 148.2739716 -6.0909386 -0.0071571 -0.1604960 -0.0361754 0.9863474
1405349548.278915 -23.9331493 151.1014557 -6.1883392 -0.0079633 -0.1627939 -0.0379069 0.9858995
1405349548.716391 -25.0918427 154.3547668 -6.2853303 -0.0081121 -0.1662207 -0.0389711 0.9852848
1405349548.966361 -25.7788563 156.2153778 -6.3415852 -0.0077280 -0.1682294 -0.0391348 0.9849404
1405349549.341337 -26.8200989 159.0019073 -6.4113808 -0.0098297 -0.1710817 -0.0384839 0.9844559
1405349549.778782 -28.0382462 162.1959991 -6.5072646 -0.0057088 -0.1744513 -0.0416496 0.9837680
1405349550.028750 -28.7417603 164.0251923 -6.5591111 -0.0075363 -0.1760900 -0.0427851 0.9834149
1405349550.341207 -29.6030998 166.2744293 -6.6243472 -0.0085101 -0.1773100 -0.0424341 0.9832030
1405349550.653657 -30.4607868 168.5083160 -6.6771631 -0.0083062 -0.1771699 -0.0436421 0.9831771
1405349550.966108 -31.3158531 170.7512817 -6.7236767 -0.0064497 -0.1778448 -0.0428218 0.9831052
1405349551.341058 -32.3497963 173.4199829 -6.7938766 -0.0107789 -0.1800120 -0.0424847 0.9826874
1405349551.716018 -33.3878021 176.0588379 -6.8466859 -0.0098214 -0.1852669 -0.0428302 0.9817053
1405349552.153446 -34.6419792 179.0818024 -6.9129438 -0.0080838 -0.1906024 -0.0438471 0.9806543
1405349552.403429 -35.3682556 180.7833557 -6.9464159 -0.0089389 -0.1932607 -0.0443718 0.9801028
1405349552.778370 -36.4561424 183.3262329 -6.9999261 -0.0108269 -0.1976003 -0.0431257 0.9792737
1405349553.090837 -37.3772049 185.4185791 -7.0479102 -0.0095569 -0.2024722 -0.0402112 0.9784154
1405349553.340797 -38.1210251 187.0681610 -7.0895472 -0.0090360 -0.2078005 -0.0393519 0.9773376
1405349553.590772 -38.8870392 188.6801453 -7.1340904 -0.0068738 -0.2146759 -0.0390337 0.9758808
1405349553.840738 -39.6762238 190.2802582 -7.1782403 -0.0080697 -0.2215228 -0.0396741 0.9743144
1405349554.153190 -40.6763458 192.2457581 -7.2338824 -0.0057511 -0.2278473 -0.0409491 0.9728184
1405349554.465640 -41.6882896 194.2041321 -7.2837696 -0.0098477 -0.2320356 -0.0441592 0.9716545
1405349554.715617 -42.5011711 195.7575989 -7.3193674 -0.0095362 -0.2358942 -0.0382209 0.9709800
1405349555.153051 -43.9402390 198.4236145 -7.3913283 -0.0103219 -0.2431098 -0.0338145 0.9693543
1405349555.715471 -45.8277283 201.7721405 -7.4693990 -0.0082401 -0.2527517 -0.0349885 0.9668632
1405349556.215420 -47.5635147 204.6973877 -7.5366344 -0.0097380 -0.2615603 -0.0381053 0.9643855
1405349556.840319 -49.7295303 208.2390137 -7.5915484 -0.0088274 -0.2702718 -0.0406989 0.9618829
1405349557.465215 -51.9143791 211.7035217 -7.6549463 -0.0104742 -0.2747966 -0.0412110 0.9605617
1405349558.027626 -53.8216476 214.7358398 -7.7151651 -0.0094080 -0.2750592 -0.0388726 0.9605951
1405349558.652530 -55.8631096 217.9686279 -7.7890472 -0.0093786 -0.2736191 -0.0397788 0.9609694
1405349559.027468 -56.9999962 219.7913208 -7.8325386 -0.0100833 -0.2709780 -0.0408045 0.9616674
1405349559.464898 -58.2728882 221.8483276 -7.8725109 -0.0089222 -0.2671345 -0.0435007 0.9626356
1405349559.839835 -59.3055725 223.5502472 -7.8975830 -0.0125026 -0.2634056 -0.0450670 0.9635508
1405349560.214773 -60.2649956 225.1692505 -7.9213409 -0.0109412 -0.2600161 -0.0432440 0.9645734
1405349560.652202 -61.3144531 226.9829102 -7.9697170 -0.0078568 -0.2565126 -0.0402571 0.9656702
1405349561.152118 -62.4401550 228.9717102 -8.0160017 -0.0096719 -0.2515886 -0.0385048 0.9670197
1405349561.527093 -63.2337189 230.3996124 -8.0457487 -0.0111313 -0.2470737 -0.0397338 0.9681177
1405349562.089565 -64.3777771 232.5345154 -8.0860777 -0.0130283 -0.2387490 -0.0401420 0.9701638
1405349562.589531 -65.3304214 234.3969116 -8.1112633 -0.0118631 -0.2310013 -0.0438574 0.9718921
1405349563.151989 -66.3633728 236.4977264 -8.1551428 -0.0102831 -0.2203601 -0.0463679 0.9742616
1405349563.839387 -67.5298462 239.0634003 -8.2180586 -0.0058271 -0.2039320 -0.0443595 0.9779622
1405349564.589283 -68.6829529 241.9864502 -8.2949772 -0.0049722 -0.1828337 -0.0436073 0.9821637
1405349565.089229 -69.4330902 244.0453491 -8.3590183 -0.0040362 -0.1679500 -0.0449089 0.9847638
1405349565.714125 -70.3179474 246.8116302 -8.4513779 -0.0050757 -0.1454297 -0.0436548 0.9883920
1405349566.339021 -71.0758209 249.9139099 -8.5513973 -0.0029447 -0.1127250 -0.0404519 0.9927981
1405349567.026407 -71.6917267 253.6693726 -8.6999960 -0.0035528 -0.0685154 -0.0420403 0.9967576
1405349567.651321 -71.9972076 257.3241577 -8.8508854 -0.0031745 -0.0320462 -0.0417077 0.9986108
1405349568.463729 -72.1627502 262.3639221 -9.0841618 -0.0036370 -0.0064696 -0.0359482 0.9993261
1405349569.151114 -72.1269760 266.6886597 -9.2676926 -0.0056142 0.0113521 -0.0327039 0.9993849
1405349570.213439 -71.9072113 273.2475586 -9.5919247 -0.0082063 0.0223997 -0.0313340 0.9992242
1405349570.588379 -71.7849884 275.5787659 -9.6865311 -0.0095934 0.0227011 -0.0316244 0.9991959
1405349571.338253 -71.6033173 280.3347778 -9.8994532 -0.0073747 0.0259943 -0.0366189 0.9989640
1405349572.088216 -71.3751907 285.1329346 -10.1106358 -0.0076755 0.0296225 -0.0383805 0.9987946
1405349572.588183 -71.2043457 288.3924866 -10.2752914 -0.0089031 0.0307835 -0.0353669 0.9988605
1405349573.088138 -71.0206146 291.6586609 -10.4062986 -0.0060940 0.0327385 -0.0381985 0.9987152
1405349573.400614 -70.8887863 293.7106934 -10.5017948 -0.0060278 0.0360846 -0.0353384 0.9987056
1405349573.650578 -70.7479630 295.3012695 -10.6201639 -0.0066376 0.0377386 -0.0334680 0.9987050
1405349574.088013 -70.5218811 298.1587524 -10.7477150 -0.0084817 0.0395859 -0.0310841 0.9986966
1405349574.400460 -70.3823471 300.1797791 -10.8378668 -0.0105431 0.0402387 -0.0320819 0.9986193
1405349574.775415 -70.2234497 302.5879822 -10.9534264 -0.0116158 0.0413663 -0.0320170 0.9985634
1405349575.025395 -70.1120605 304.1907349 -11.0068464 -0.0133329 0.0412537 -0.0337734 0.9984887
1405349575.275361 -69.9928894 305.7993164 -11.0588074 -0.0123528 0.0412958 -0.0370096 0.9983849
1405349575.525319 -69.8902359 307.4226990 -11.1114264 -0.0126521 0.0413388 -0.0441434 0.9980894
1405349575.712790 -69.8089218 308.6454163 -11.1521196 -0.0131614 0.0410271 -0.0452106 0.9980479
1405349575.962767 -69.6924057 310.2643127 -11.2314348 -0.0049456 0.0410317 -0.0448823 0.9981371
1405349576.150244 -69.5964432 311.4861450 -11.2900896 -0.0054488 0.0406306 -0.0416583 0.9982906
1405349576.275223 -69.5305786 312.3080750 -11.3288975 -0.0071000 0.0408707 -0.0396197 0.9983534
1405349576.462694 -69.4363251 313.5380554 -11.3799706 -0.0081831 0.0412260 -0.0369026 0.9984346
1405349576.587674 -69.3761902 314.3553772 -11.4163580 -0.0087081 0.0410536 -0.0360957 0.9984668
1405349576.775145 -69.2850342 315.5916138 -11.4646540 -0.0082407 0.0409040 -0.0354488 0.9985000
1405349576.962616 -69.2006073 316.8274536 -11.5113211 -0.0087980 0.0409346 -0.0352322 0.9985017
1405349577.150085 -69.1105118 318.0692749 -11.5575953 -0.0097189 0.0411830 -0.0346894 0.9985020
1405349577.337555 -69.0221329 319.2910461 -11.6097450 -0.0078296 0.0413651 -0.0347889 0.9985076
1405349577.525027 -68.9242706 320.5122375 -11.6701679 -0.0075572 0.0412482 -0.0356731 0.9984833
1405349577.837510 -68.7664108 322.5642395 -11.7604866 -0.0092806 0.0422683 -0.0342752 0.9984751
1405349578.087484 -68.6419754 324.2158813 -11.8288879 -0.0096867 0.0438125 -0.0305593 0.9985253
1405349578.462435 -68.4309692 326.6928711 -11.9206753 -0.0116844 0.0443944 -0.0275882 0.9985647
1405349578.774891 -68.2584076 328.7449036 -12.0047150 -0.0089939 0.0433419 -0.0253681 0.9986977
1405349579.149843 -68.0663757 331.2372131 -12.0972090 -0.0117317 0.0409413 -0.0242859 0.9987975
1405349579.399803 -67.9551315 332.9071350 -12.1564407 -0.0116271 0.0386384 -0.0264098 0.9988365
1405349579.712265 -67.8367767 334.9854431 -12.2277021 -0.0135147 0.0357907 -0.0312203 0.9987801
1405349579.962233 -67.7478333 336.6712036 -12.2695017 -0.0155842 0.0333182 -0.0389133 0.9985654
1405349580.212200 -67.6579361 338.3332520 -12.3393688 -0.0071953 0.0311060 -0.0368351 0.9988112
1405349580.462158 -67.5796967 340.0026245 -12.4025211 -0.0106238 0.0305393 -0.0383889 0.9987396
1405349580.649640 -67.5044098 341.2426453 -12.4548578 -0.0103219 0.0293533 -0.0333366 0.9989597
1405349580.899603 -67.4183655 342.8809204 -12.5283527 -0.0062900 0.0284658 -0.0326308 0.9990423
1405349581.087072 -67.3603134 344.1163025 -12.5838118 -0.0086098 0.0275600 -0.0316307 0.9990825
1405349581.337030 -67.2880859 345.7519836 -12.6543455 -0.0072879 0.0254139 -0.0285762 0.9992419
1405349581.524499 -67.2395782 346.9684753 -12.7021646 -0.0092276 0.0236009 -0.0282423 0.9992799
1405349581.711968 -67.1997452 348.1742554 -12.7578201 -0.0100157 0.0214589 -0.0279738 0.9993281
1405349581.899439 -67.1591873 349.3790283 -12.8038406 -0.0101296 0.0189199 -0.0268953 0.9994079
1405349582.086906 -67.1265335 350.5879822 -12.8414345 -0.0129308 0.0166419 -0.0276167 0.9993964
1405349582.274378 -67.1013107 351.7961426 -12.8876019 -0.0126180 0.0151084 -0.0282200 0.9994079
1405349582.524357 -67.0430450 353.3739014 -12.9417820 -0.0112599 0.0141402 -0.0283689 0.9994341
1405349582.711845 -67.0195160 354.5573730 -12.9918242 -0.0133669 0.0142488 -0.0299062 0.9993618
1405349582.899329 -66.9917374 355.7532043 -13.0420399 -0.0142910 0.0141395 -0.0309234 0.9993196
1405349583.024310 -66.9666672 356.5365601 -13.0799007 -0.0143730 0.0139647 -0.0320904 0.9992841
1405349583.211781 -66.9301376 357.7279968 -13.1080294 -0.0150536 0.0133173 -0.0343157 0.9992089
1405349583.399254 -66.9033051 358.9219971 -13.1502504 -0.0155439 0.0127849 -0.0351246 0.9991803
1405349583.649212 -66.8617401 360.5042114 -13.2016973 -0.0148675 0.0124032 -0.0368679 0.9991326
1405349583.836683 -66.8383255 361.6980896 -13.2266598 -0.0178838 0.0115695 -0.0391522 0.9990062
1405349584.024154 -66.8283920 362.8777466 -13.2633238 -0.0185656 0.0109078 -0.0408354 0.9989339
1405349584.149134 -66.8171692 363.6596069 -13.2830448 -0.0150213 0.0103368 -0.0407496 0.9990030
1405349584.336622 -66.8024216 364.8226624 -13.3237858 -0.0097316 0.0097873 -0.0395979 0.9991204
1405349584.586607 -66.7825241 366.3742371 -13.3764763 -0.0129135 0.0082156 -0.0377427 0.9991702
1405349584.899061 -66.7533112 368.2740784 -13.4503555 -0.0121938 0.0064379 -0.0347938 0.9992994
1405349585.211510 -66.7441177 370.1825256 -13.5219917 -0.0119831 0.0052959 -0.0332458 0.9993613
1405349585.586453 -66.7255020 372.4221191 -13.5994892 -0.0130376 0.0039058 -0.0289542 0.9994881
1405349585.898903 -66.7242355 374.2208252 -13.6570654 -0.0154877 0.0029041 -0.0280247 0.9994830
1405349586.273879 -66.7272034 376.2969055 -13.7223511 -0.0153675 0.0018678 -0.0270926 0.9995131
1405349586.586345 -66.7316513 377.9608765 -13.7764091 -0.0143920 0.0008556 -0.0268908 0.9995344
1405349586.836304 -66.7356415 379.2496948 -13.8192186 -0.0149125 0.0001866 -0.0274684 0.9995114
1405349587.211242 -66.7515717 381.1054688 -13.8789434 -0.0149482 -0.0008391 -0.0259683 0.9995506
1405349587.773685 -66.7770615 383.7629700 -13.9513121 -0.0170613 -0.0024549 -0.0251760 0.9995344
1405349588.336110 -66.8217850 386.2837524 -14.0112495 -0.0182749 -0.0036917 -0.0254649 0.9995018
1405349588.836042 -66.8577805 388.4615173 -14.0610418 -0.0164560 -0.0056097 -0.0276223 0.9994673
1405349589.335974 -66.9190140 390.5585327 -14.1143293 -0.0167024 -0.0094912 -0.0289378 0.9993966
1405349589.835897 -66.9964294 392.4571228 -14.1598320 -0.0172583 -0.0123884 -0.0316063 0.9992746
1405349590.210835 -67.0624390 393.7320862 -14.1852541 -0.0183761 -0.0147386 -0.0330220 0.9991770
1405349590.648264 -67.1289978 394.9767761 -14.2121305 -0.0191175 -0.0175577 -0.0352201 0.9990425
1405349591.398143 -67.2146606 396.4273987 -14.2436390 -0.0186027 -0.0195443 -0.0380772 0.9989104
1405349613.895043 -67.2611542 397.3515320 -14.2701511 -0.0127599 -0.0193389 -0.0385416 0.9989883
1405349615.144862 -67.3253021 399.1231689 -14.3150196 -0.0082337 -0.0141005 -0.0388666 0.9991110
1405349615.769783 -67.3721771 401.0150452 -14.3641548 -0.0097923 -0.0098159 -0.0376847 0.9991935
1405349616.269716 -67.4198685 403.0043945 -14.4106588 -0.0110746 -0.0084538 -0.0339723 0.9993257
1405349616.519701 -67.4509659 404.1077271 -14.4398375 -0.0093964 -0.0077497 -0.0337977 0.9993545
1405349616.769689 -67.4849091 405.2781677 -14.4723797 -0.0099844 -0.0089938 -0.0332022 0.9993583
1405349617.144666 -67.5391693 407.0560608 -14.5266857 -0.0117585 -0.0103305 -0.0321787 0.9993595
1405349617.457146 -67.5894165 408.5124817 -14.5678024 -0.0115707 -0.0124762 -0.0309743 0.9993753
1405349617.707131 -67.6374054 409.6602783 -14.6055126 -0.0120765 -0.0137704 -0.0310709 0.9993494
1405349617.894618 -67.6742096 410.5039368 -14.6325502 -0.0127075 -0.0138529 -0.0298664 0.9993771
1405349618.019616 -67.7003250 411.0688782 -14.6417856 -0.0134053 -0.0137152 -0.0300560 0.9993642
1405349618.269593 -67.7481613 412.1878052 -14.6732740 -0.0154532 -0.0142455 -0.0316026 0.9992795
1405349618.582053 -67.8110580 413.5477600 -14.7029543 -0.0163084 -0.0149201 -0.0324408 0.9992293
1405349618.832009 -67.8603134 414.5853271 -14.7283964 -0.0165414 -0.0159215 -0.0339213 0.9991608
1405349619.081968 -67.9117203 415.5733337 -14.7550268 -0.0160116 -0.0174173 -0.0354494 0.9990914
1405349619.331927 -67.9605789 416.5262756 -14.7759447 -0.0147120 -0.0190132 -0.0359298 0.9990651
1405349619.706868 -68.0390778 417.8786316 -14.8117323 -0.0152476 -0.0210641 -0.0369089 0.9989803
1405349620.019318 -68.1062317 418.9361877 -14.8388176 -0.0163643 -0.0235891 -0.0362829 0.9989291
1405349620.331770 -68.1737366 419.9077148 -14.8602362 -0.0168691 -0.0249884 -0.0380323 0.9988216
1405349620.644221 -68.2238617 420.7920837 -14.8863516 -0.0169308 -0.0242090 -0.0378539 0.9988465
1405349620.956671 -68.2704010 421.5835571 -14.9083481 -0.0167774 -0.0241977 -0.0390676 0.9988027
1405349621.331649 -68.3199005 422.4172974 -14.9293604 -0.0153594 -0.0235461 -0.0385820 0.9988599
1405349621.644136 -68.3483887 422.9786987 -14.9451447 -0.0150752 -0.0229450 -0.0381392 0.9988952
1405349621.769122 -68.3592224 423.1727905 -14.9483452 -0.0151221 -0.0224397 -0.0379927 0.9989116
1405349621.956598 -68.3722229 423.4212646 -14.9550724 -0.0152413 -0.0224680 -0.0378837 0.9989133
1405349622.644001 -68.4024582 423.9777527 -14.9712563 -0.0153435 -0.0218895 -0.0377728 0.9989288
1405349628.330598 -68.4107285 424.1796570 -14.9803982 -0.0144458 -0.0218680 -0.0376205 0.9989483
1405349634.079834 -68.4362640 424.6700134 -14.9925995 -0.0106184 -0.0212080 -0.0372057 0.9990261
1405349634.642272 -68.4662476 425.5111389 -15.0180798 -0.0106170 -0.0183242 -0.0362203 0.9991194
1405349635.079747 -68.4894562 426.4642639 -15.0421228 -0.0097225 -0.0140871 -0.0347324 0.9992501
1405349635.392208 -68.5089111 427.3030090 -15.0634365 -0.0093975 -0.0115057 -0.0328399 0.9993502
1405349635.704658 -68.5368881 428.2404175 -15.0895596 -0.0085943 -0.0117398 -0.0316004 0.9993947
1405349636.017108 -68.5784607 429.2726135 -15.1221714 -0.0086667 -0.0140456 -0.0295900 0.9994259
1405349636.329556 -68.6436768 430.3468933 -15.1534958 -0.0101299 -0.0214225 -0.0285416 0.9993117
1405349636.642023 -68.7478638 431.4426575 -15.1815424 -0.0129355 -0.0362194 -0.0270913 0.9988928
1405349637.016998 -68.9666901 432.7590942 -15.2214308 -0.0125439 -0.0668171 -0.0262122 0.9973420
1405349637.266986 -69.1983490 433.6210022 -15.2409410 -0.0124260 -0.0997150 -0.0248453 0.9946282
1405349637.516971 -69.5249405 434.4782715 -15.2607307 -0.0115672 -0.1423431 -0.0236294 0.9894677
1405349637.829440 -70.0718384 435.4547119 -15.2891560 -0.0106995 -0.2099883 -0.0218751 0.9774006
1405349638.079419 -70.6545868 436.1609192 -15.2972603 -0.0113458 -0.2741424 -0.0225323 0.9613582
1405349638.329405 -71.3328857 436.7634888 -15.2981377 -0.0117349 -0.3410600 -0.0255744 0.9396203
1405349638.579370 -72.1113434 437.2603149 -15.2930698 -0.0084158 -0.4085146 -0.0284944 0.9122681
1405349638.829336 -72.9820404 437.6608887 -15.2794991 -0.0090002 -0.4751058 -0.0326738 0.8792758
1405349639.141794 -74.1526337 438.0152283 -15.2759323 -0.0094845 -0.5484781 -0.0376145 0.8352646
1405349639.329269 -74.9037781 438.1614380 -15.2598705 -0.0099470 -0.5871481 -0.0382897 0.8085123
1405349639.454251 -75.4199066 438.2280884 -15.2471933 -0.0091716 -0.6102843 -0.0400854 0.7911144
1405349639.641726 -76.2232056 438.2903442 -15.2241211 -0.0102946 -0.6391580 -0.0446725 0.7677080
1405349639.829200 -77.0599213 438.3260498 -15.1945381 -0.0113973 -0.6616080 -0.0476122 0.7482500
1405349640.079169 -78.2211761 438.3381653 -15.1481972 -0.0120903 -0.6832471 -0.0538617 0.7280977
1405349640.329137 -79.4316864 438.3246765 -15.0900736 -0.0124464 -0.6973296 -0.0571826 0.7143576
1405349640.704082 -81.3587341 438.2449951 -14.9950705 -0.0076206 -0.7116900 -0.0602264 0.6998658
1405349641.016537 -83.0709381 438.1575317 -14.9102020 -0.0071168 -0.7173597 -0.0629594 0.6938159
1405349641.328998 -84.8824005 438.0573425 -14.8148289 -0.0072232 -0.7206540 -0.0636033 0.6903334
1405349641.641459 -86.7891998 437.9582520 -14.7200165 -0.0062501 -0.7218419 -0.0626538 0.6891878
1405349641.953918 -88.7946854 437.8524780 -14.6272793 -0.0079820 -0.7216298 -0.0607220 0.6895648
1405349642.203876 -90.4606705 437.7727356 -14.5530415 -0.0079824 -0.7210173 -0.0597297 0.6902918
1405349642.453837 -92.1825943 437.6932678 -14.4735889 -0.0098663 -0.7202947 -0.0591567 0.6910707
1405349642.703817 -93.9671478 437.6181030 -14.3812590 -0.0107691 -0.7197677 -0.0599622 0.6915367
1405349642.891287 -95.3377838 437.5640564 -14.3024282 -0.0126357 -0.7191949 -0.0605917 0.6920460
1405349643.141249 -97.1897430 437.4758606 -14.2229309 -0.0078085 -0.7186486 -0.0570071 0.6929888
1405349643.391226 -99.0856018 437.3942566 -14.1495123 -0.0069427 -0.7176780 -0.0568138 0.6940190
1405349643.641186 -100.9820099 437.3309631 -14.0725060 -0.0092017 -0.7166555 -0.0576532 0.6949794
1405349643.891148 -102.8672180 437.2690735 -14.0042210 -0.0087875 -0.7161457 -0.0565555 0.6956002
1405349644.141109 -104.7733459 437.2034607 -13.9340725 -0.0094439 -0.7158637 -0.0565871 0.6958792
1405349644.391068 -106.7007904 437.1417542 -13.8649521 -0.0099966 -0.7156913 -0.0562712 0.6960744
1405349644.578549 -108.1593628 437.0909119 -13.7940130 -0.0112055 -0.7156243 -0.0567277 0.6960878
1405349644.766039 -109.6325455 437.0386047 -13.7211561 -0.0130525 -0.7153449 -0.0570860 0.6963136
1405349644.953515 -111.1042709 436.9918518 -13.6651659 -0.0134548 -0.7152152 -0.0564932 0.6964874
1405349645.140992 -112.5827560 436.9414368 -13.6049261 -0.0140198 -0.7152368 -0.0551980 0.6965580
1405349645.328465 -114.0659027 436.8927612 -13.5373411 -0.0146451 -0.7161340 -0.0546115 0.6956689
1405349645.515941 -115.5434952 436.8279114 -13.4762726 -0.0134533 -0.7168826 -0.0546093 0.6949217
1405349645.703416 -117.0270538 436.7645264 -13.4144621 -0.0117962 -0.7176206 -0.0554023 0.6941269
1405349645.890890 -118.5147247 436.7065430 -13.3501740 -0.0116914 -0.7173291 -0.0561831 0.6943672
1405349646.078364 -120.0135803 436.6517029 -13.2922211 -0.0106355 -0.7173094 -0.0530242 0.6946529
1405349646.265835 -121.5141525 436.5971069 -13.2437468 -0.0117399 -0.7176009 -0.0514617 0.6944515
1405349646.515792 -123.5392380 436.5116882 -13.1607141 -0.0134512 -0.7176074 -0.0542616 0.6942006
1405349646.703262 -125.0613098 436.4503174 -13.1005898 -0.0137005 -0.7177353 -0.0536639 0.6941099
1405349646.890733 -126.5765610 436.3956299 -13.0422535 -0.0135655 -0.7179019 -0.0526877 0.6940150
1405349647.078219 -128.1003723 436.3311157 -12.9837103 -0.0151236 -0.7178692 -0.0524814 0.6940324
1405349647.265703 -129.6383362 436.2688293 -12.9184303 -0.0164003 -0.7176931 -0.0534347 0.6941127
1405349647.453179 -131.1601410 436.2167969 -12.8520298 -0.0177711 -0.7173764 -0.0546560 0.6943113
1405349647.640647 -132.6662292 436.1638184 -12.8032513 -0.0155635 -0.7167089 -0.0482714 0.6955257
1405349647.890608 -134.6949463 436.0968018 -12.7259207 -0.0165053 -0.7160637 -0.0492000 0.6961033
1405349648.078096 -136.2159576 436.0450134 -12.6713228 -0.0162905 -0.7152951 -0.0511390 0.6967584
1405349648.265570 -137.7301636 435.9975891 -12.6113672 -0.0143257 -0.7147709 -0.0507338 0.6973690
1405349648.453045 -139.2483063 435.9544678 -12.5534000 -0.0141565 -0.7140630 -0.0508839 0.6980863
1405349648.640515 -140.7770386 435.9082642 -12.4890537 -0.0148457 -0.7130045 -0.0512820 0.6991240
1405349648.827988 -142.2997742 435.8616333 -12.4328861 -0.0144043 -0.7118278 -0.0517851 0.7002943
1405349649.015456 -143.8264923 435.8452759 -12.3698416 -0.0154349 -0.7110021 -0.0514498 0.7011353
1405349649.265436 -145.8591156 435.8159485 -12.3042717 -0.0176701 -0.7097819 -0.0510994 0.7023434
1405349649.452907 -147.3959656 435.7921143 -12.2536049 -0.0188673 -0.7093658 -0.0482582 0.7029334
1405349649.640374 -148.9399414 435.7387695 -12.2025814 -0.0197523 -0.7096581 -0.0475861 0.7026598
1405349649.765354 -149.9731445 435.7177734 -12.1388369 -0.0199400 -0.7098913 -0.0497360 0.7022700
1405349649.952825 -151.5031433 435.6679993 -12.0839643 -0.0194397 -0.7098758 -0.0508762 0.7022179
1405349650.140296 -153.0215454 435.6490479 -12.0323963 -0.0174920 -0.7100492 -0.0519248 0.7020172
1405349650.327765 -154.5656586 435.6309509 -11.9588451 -0.0174151 -0.7101735 -0.0536262 0.7017653
1405349650.515237 -156.0979614 435.5939331 -11.9043503 -0.0130357 -0.7102116 -0.0526600 0.7018949
1405349650.702708 -157.6429596 435.5722351 -11.8488703 -0.0130386 -0.7102072 -0.0538797 0.7018068
1405349650.890176 -159.1655579 435.5492249 -11.7916527 -0.0129712 -0.7102178 -0.0543486 0.7017612
1405349651.077649 -160.6926727 435.5260315 -11.7484064 -0.0114823 -0.7103350 -0.0529033 0.7017789
1405349651.265118 -162.2096558 435.5059204 -11.7040949 -0.0113553 -0.7104495 -0.0518889 0.7017407
1405349651.452590 -163.7107849 435.4892273 -11.6491451 -0.0124126 -0.7105278 -0.0529705 0.7015627
1405349651.640059 -165.1947632 435.4660034 -11.6022816 -0.0120178 -0.7108493 -0.0519447 0.7013206
1405349651.827530 -166.6885223 435.4282837 -11.5397844 -0.0129064 -0.7107456 -0.0521247 0.7013966
1405349652.015000 -168.1593475 435.3949585 -11.4835033 -0.0149892 -0.7108749 -0.0518197 0.7012468
1405349652.202471 -169.6254730 435.3635254 -11.4336300 -0.0159945 -0.7111365 -0.0506013 0.7010483
1405349652.327461 -170.5938873 435.3527527 -11.3974838 -0.0157548 -0.7116359 -0.0493236 0.7006378
1405349652.514949 -172.0425873 435.3147583 -11.3427620 -0.0159693 -0.7121847 -0.0498985 0.7000344
1405349652.702437 -173.4785767 435.2826538 -11.2917910 -0.0147181 -0.7130877 -0.0514337 0.6990307
1405349652.889925 -174.9156342 435.2289734 -11.2424822 -0.0112749 -0.7139307 -0.0519096 0.6981986
1405349653.077413 -176.3293915 435.1656799 -11.1951027 -0.0072267 -0.7148774 -0.0520620 0.6972716
1405349653.264902 -177.7209320 435.1313477 -11.1378574 -0.0128324 -0.7156329 -0.0564155 0.6960763
1405349653.452371 -179.1341705 435.0841064 -11.0752735 -0.0176952 -0.7161449 -0.0579513 0.6953165
1405349653.639841 -180.5383301 435.0226440 -11.0027218 -0.0166267 -0.7172253 -0.0604071 0.6940191
1405349653.827308 -181.9370422 434.9540100 -10.9358673 -0.0140439 -0.7192053 -0.0605354 0.6920130
1405349654.014777 -183.3288574 434.8760986 -10.8573437 -0.0128939 -0.7223597 -0.0613395 0.6886709
1405349654.264736 -185.1790161 434.7524719 -10.7751770 -0.0120862 -0.7275156 -0.0604509 0.6833159
1405349654.514696 -187.0551147 434.5840454 -10.6896439 -0.0067041 -0.7324801 -0.0589611 0.6781973
1405349654.702166 -188.4456635 434.4507446 -10.6262732 -0.0103375 -0.7366768 -0.0605725 0.6734474
1405349654.952129 -190.3043518 434.2420349 -10.5399494 -0.0107334 -0.7422674 -0.0632265 0.6670281
1405349655.264580 -192.6142120 433.9212952 -10.4342394 -0.0052612 -0.7482238 -0.0646835 0.6602648
1405349655.452048 -193.9955750 433.7121582 -10.3550558 -0.0046978 -0.7516218 -0.0636197 0.6565022
1405349655.826991 -196.7624817 433.2514343 -10.2118788 -0.0036462 -0.7579770 -0.0668749 0.6488339
1405349656.139440 -199.0347900 432.8355408 -10.1071024 -0.0032906 -0.7633824 -0.0630640 0.6428525
1405349656.451891 -201.3129730 432.3886719 -9.9958935 -0.0078989 -0.7680555 -0.0604559 0.6374743
1405349656.701853 -203.0986023 432.0327759 -9.9151001 -0.0053638 -0.7712533 -0.0586112 0.6338016
1405349657.076794 -205.8123779 431.4655457 -9.7828617 -0.0094389 -0.7730894 -0.0601567 0.6313674
1405349657.326772 -207.6240234 431.0798645 -9.6950665 -0.0070698 -0.7744219 -0.0575367 0.6300082
1405349657.639258 -209.8896027 430.5791626 -9.5823278 -0.0072657 -0.7749173 -0.0609728 0.6290730
1405349657.826745 -211.2604370 430.2668152 -9.4940138 -0.0078242 -0.7748570 -0.0624081 0.6289997
1405349658.076723 -213.0726318 429.8692017 -9.4089193 -0.0079153 -0.7749872 -0.0627102 0.6288081
1405349658.264194 -214.4344482 429.5634766 -9.3426666 -0.0086777 -0.7748903 -0.0627574 0.6289128
1405349658.514172 -216.2699585 429.1602783 -9.2435751 -0.0091275 -0.7748600 -0.0632319 0.6288962
1405349658.701660 -217.6335449 428.8721313 -9.1815214 -0.0090035 -0.7747452 -0.0630066 0.6290621
1405349658.889147 -219.0127869 428.5818176 -9.1126661 -0.0081825 -0.7744762 -0.0621811 0.6294865
1405349659.076623 -220.4045715 428.2772522 -9.0336056 -0.0075670 -0.7742881 -0.0607886 0.6298615
1405349659.264098 -221.8009033 427.9868469 -8.9583569 -0.0067743 -0.7742058 -0.0623875 0.6298153
1405349659.389077 -222.7267456 427.7893066 -8.9037981 -0.0067897 -0.7741248 -0.0631190 0.6298418
1405349659.576543 -224.1109009 427.4932861 -8.8360910 -0.0049014 -0.7740789 -0.0643980 0.6297863
1405349659.701532 -225.0326233 427.3007202 -8.7851200 -0.0037881 -0.7741652 -0.0641963 0.6297085
1405349659.826520 -225.9536285 427.0995483 -8.7392235 -0.0029517 -0.7740909 -0.0651232 0.6297091
1405349659.951506 -226.8728333 426.9060669 -8.6912451 -0.0033478 -0.7740228 -0.0657620 0.6297246
1405349660.076483 -227.7972565 426.7101440 -8.6448832 -0.0034145 -0.7739586 -0.0661654 0.6297607
1405349660.201464 -228.7187805 426.5171509 -8.6012278 -0.0036946 -0.7738323 -0.0662167 0.6299090
1405349660.326444 -229.6435242 426.3183594 -8.5501232 -0.0041586 -0.7736884 -0.0665097 0.6300520
1405349660.513916 -231.0310516 426.0297852 -8.4737597 -0.0038429 -0.7737248 -0.0678748 0.6298636
1405349660.638906 -231.9480438 425.8345642 -8.4296627 -0.0041427 -0.7738565 -0.0672500 0.6297669
1405349660.763895 -232.8699646 425.6325073 -8.3852167 -0.0040041 -0.7742983 -0.0659192 0.6293655
1405349660.951369 -234.2546997 425.3252563 -8.3098927 -0.0032243 -0.7752193 -0.0668464 0.6281371
1405349661.076349 -235.1770325 425.1180115 -8.2552443 -0.0038024 -0.7756432 -0.0679571 0.6274910
1405349661.201328 -236.0971832 424.9132690 -8.2095175 -0.0042554 -0.7758917 -0.0676944 0.6272093
1405349661.326311 -237.0003052 424.7126770 -8.1764116 -0.0037651 -0.7759932 -0.0675803 0.6270992
1405349661.451289 -237.9121857 424.5106201 -8.1300020 -0.0044784 -0.7760048 -0.0675774 0.6270804
1405349661.576272 -238.8349762 424.3005371 -8.0685482 -0.0056432 -0.7759412 -0.0682862 0.6270729
1405349661.763740 -240.1987000 423.9933777 -7.9916344 -0.0065302 -0.7759542 -0.0687174 0.6270011
1405349661.951211 -241.5573120 423.6905518 -7.9114723 -0.0068931 -0.7760344 -0.0685473 0.6269166
1405349662.138681 -242.8998260 423.3854065 -7.8443298 -0.0060764 -0.7760020 -0.0674299 0.6270864
1405349662.326151 -244.2374878 423.0873413 -7.7750988 -0.0064678 -0.7760630 -0.0664418 0.6271124
1405349662.513623 -245.5903625 422.7821045 -7.6996593 -0.0083483 -0.7757310 -0.0664736 0.6274973
1405349662.701093 -246.9213562 422.4854126 -7.6239986 -0.0076290 -0.7756528 -0.0652782 0.6277288
1405349662.888564 -248.2489777 422.1928406 -7.5435467 -0.0072101 -0.7756264 -0.0633049 0.6279684
1405349663.076035 -249.5462189 421.9112549 -7.4792004 -0.0070504 -0.7755985 -0.0628377 0.6280515
1405349663.263506 -250.8304443 421.6255188 -7.4153309 -0.0066164 -0.7755096 -0.0636172 0.6280876
1405349663.450977 -252.0953369 421.3432312 -7.3530788 -0.0063753 -0.7755241 -0.0639859 0.6280347
1405349663.638447 -253.3467407 421.0674133 -7.2922325 -0.0056343 -0.7756782 -0.0647195 0.6277763
1405349663.888409 -254.9970093 420.7056274 -7.2167397 -0.0048365 -0.7759025 -0.0653966 0.6274354
1405349664.138369 -256.6429443 420.3322144 -7.1159592 -0.0054168 -0.7756224 -0.0656521 0.6277503
1405349664.388330 -258.2765503 419.9657898 -7.0280952 -0.0064856 -0.7753277 -0.0683573 0.6278154
1405349664.638291 -259.8908691 419.6026001 -6.9317894 -0.0080876 -0.7749908 -0.0686056 0.6281856
1405349664.888255 -261.4669800 419.2460632 -6.8370857 -0.0094121 -0.7747763 -0.0693456 0.6283504
1405349665.138231 -262.9634705 418.9202881 -6.7541409 -0.0094172 -0.7749636 -0.0704062 0.6280013
1405349665.388219 -264.4263916 418.5917358 -6.6730366 -0.0081654 -0.7755698 -0.0680843 0.6275264
1405349665.763195 -266.5225220 418.1069946 -6.5471554 -0.0087900 -0.7771043 -0.0706097 0.6253366
1405349666.013165 -267.8545837 417.7942505 -6.4638405 -0.0078120 -0.7767000 -0.0694785 0.6259784
1405349666.325639 -269.4661865 417.4401245 -6.3630505 -0.0101199 -0.7754893 -0.0686495 0.6275358
1405349666.700596 -271.3172302 417.0490417 -6.2528324 -0.0121590 -0.7737938 -0.0666210 0.6298071
1405349666.950556 -272.4910889 416.8038025 -6.1885910 -0.0118353 -0.7722692 -0.0659827 0.6317488
1405349667.450470 -274.6990051 416.3767700 -6.0635872 -0.0118513 -0.7684920 -0.0646338 0.6364763
1405349667.825410 -276.2305908 416.0969543 -5.9775028 -0.0097651 -0.7637425 -0.0656820 0.6420965
1405349668.325327 -278.1056824 415.8623657 -5.8829823 -0.0072865 -0.7463118 -0.0664024 0.6622358
1405349668.762793 -279.5789185 415.8875732 -5.8223476 -0.0068120 -0.7099723 -0.0658103 0.7011148
1405349669.387740 -281.3773804 416.4133911 -5.7823944 -0.0061678 -0.6156672 -0.0631085 0.7854509
1405349669.887673 -282.5543213 417.2487793 -5.7766609 -0.0124245 -0.5068313 -0.0537636 0.8602774
1405349670.200120 -283.1897278 417.9487000 -5.7648659 -0.0170885 -0.4309759 -0.0520654 0.9006980
1405349670.512586 -283.7261047 418.7773438 -5.7494888 -0.0232478 -0.3512580 -0.0512788 0.9345843
1405349670.762553 -284.0738525 419.5147705 -5.7383499 -0.0261753 -0.2893592 -0.0511201 0.9554961
1405349671.075002 -284.4099121 420.4883118 -5.7278671 -0.0260126 -0.2193111 -0.0465551 0.9741964
1405349671.324963 -284.6198730 421.2939758 -5.7217579 -0.0236323 -0.1713264 -0.0476984 0.9837752
1405349671.699905 -284.8675232 422.5623169 -5.7288074 -0.0221497 -0.1205395 -0.0446319 0.9914573
1405349672.137334 -285.1151123 424.1053467 -5.7465153 -0.0152264 -0.0824405 -0.0470761 0.9953671
1405349672.824721 -285.3572083 426.7562866 -5.8134184 -0.0117790 -0.0435108 -0.0428915 0.9980623
1405349673.199658 -285.4544067 428.2674866 -5.8645916 -0.0063500 -0.0341601 -0.0416706 0.9985271
1405349673.699576 -285.6182861 430.3451233 -5.9340496 -0.0087134 -0.0337424 -0.0417223 0.9985213
1405349674.137004 -285.7934570 432.2071838 -5.9881363 -0.0113811 -0.0430387 -0.0376399 0.9982992
1405349674.699416 -286.0923462 434.6877136 -6.0528812 -0.0124408 -0.0542620 -0.0387202 0.9976982
1405349675.324315 -286.4712830 437.5789185 -6.1145134 -0.0148567 -0.0620005 -0.0373362 0.9972669
1405349675.949219 -286.9104309 440.5672302 -6.1748238 -0.0161781 -0.0694529 -0.0358032 0.9968113
1405349676.574131 -287.4053955 443.5815735 -6.2521944 -0.0132585 -0.0758311 -0.0360851 0.9963793
1405349677.199053 -287.9373169 446.6418152 -6.3187313 -0.0143064 -0.0794162 -0.0357015 0.9960993
1405349677.949014 -288.5751953 450.3587646 -6.4143744 -0.0119987 -0.0819194 -0.0349313 0.9959543
1405349678.511479 -289.1113281 453.2456360 -6.4776306 -0.0131673 -0.0836790 -0.0396319 0.9956173
1405349678.761467 -289.3471680 454.5454712 -6.5038748 -0.0115055 -0.0839260 -0.0444669 0.9954129
1405349679.198921 -289.7602234 456.8307190 -6.5583820 -0.0117769 -0.0829396 -0.0441196 0.9955078
1405349679.636353 -290.1468811 459.1308899 -6.6119347 -0.0138850 -0.0800507 -0.0381598 0.9959633
1405349680.073780 -290.5293579 461.4261475 -6.6822720 -0.0098173 -0.0782747 -0.0386501 0.9961340
1405349680.573697 -290.9685059 464.0928040 -6.7503967 -0.0133561 -0.0746438 -0.0414965 0.9962570
1405349680.948650 -291.2538757 466.0877380 -6.7968636 -0.0155846 -0.0707657 -0.0346700 0.9967685
1405349681.386066 -291.5705872 468.3716125 -6.8632908 -0.0103549 -0.0663031 -0.0300038 0.9972946
1405349681.698514 -291.7850952 469.9945068 -6.9129257 -0.0109409 -0.0649850 -0.0268373 0.9974653
1405349682.010961 -292.0088196 471.6157227 -6.9557915 -0.0161795 -0.0625189 -0.0292293 0.9974845
1405349682.323409 -292.2122192 473.2111206 -6.9766312 -0.0202913 -0.0585915 -0.0335100 0.9975131
1405349682.698385 -292.4461975 475.1120605 -7.0308475 -0.0074183 -0.0537955 -0.0369519 0.9978405
1405349683.073362 -292.6510925 477.0015869 -7.1114936 -0.0054377 -0.0481866 -0.0376804 0.9981126
1405349683.385839 -292.7942200 478.6000061 -7.1684551 -0.0079263 -0.0448868 -0.0313792 0.9984677
1405349683.698315 -292.9294434 480.1653137 -7.2602162 0.0029601 -0.0425116 -0.0270105 0.9987264
1405349684.135750 -293.1421814 482.4063721 -7.3715153 -0.0055224 -0.0387568 -0.0357574 0.9985934
1405349684.510687 -293.3092041 484.3031006 -7.4765468 0.0021939 -0.0329973 -0.0409648 0.9986132
1405349684.948115 -293.4459839 486.5844727 -7.5795665 -0.0069061 -0.0295912 -0.0334455 0.9989785
1405349685.323057 -293.5955200 488.5538635 -7.6474791 -0.0089125 -0.0300428 -0.0359724 0.9988614
1405349685.697994 -293.7256470 490.5161438 -7.7546320 0.0031585 -0.0295515 -0.0330239 0.9990126
1405349686.072960 -293.8499451 492.4846802 -7.8519759 -0.0048592 -0.0258255 -0.0308193 0.9991795
1405349686.322948 -293.9069824 493.7681580 -7.9144936 -0.0022511 -0.0243250 -0.0264940 0.9993504
1405349686.635416 -294.0029297 495.3632812 -7.9922190 -0.0040503 -0.0247972 -0.0294157 0.9992514
1405349686.885377 -294.0867004 496.6302795 -8.0587044 -0.0045323 -0.0249701 -0.0296207 0.9992390
1405349687.135358 -294.1673279 497.8926392 -8.1162910 -0.0028418 -0.0231441 -0.0335142 0.9991662
1405349687.510301 -294.2431641 499.7859497 -8.2077293 -0.0024062 -0.0189937 -0.0317772 0.9993116
1405349687.885238 -294.3098755 501.6874390 -8.2985048 -0.0047095 -0.0143221 -0.0324427 0.9993599
1405349688.260175 -294.3609314 503.5978699 -8.3822231 -0.0038095 -0.0106741 -0.0316642 0.9994343
1405349688.635114 -294.4018250 505.5176392 -8.4779224 -0.0027624 -0.0083898 -0.0321329 0.9994446
1405349688.885073 -294.4293518 506.7917480 -8.5488920 -0.0030593 -0.0078019 -0.0295281 0.9995288
1405349689.197525 -294.4777527 508.3675232 -8.6196213 -0.0041170 -0.0088195 -0.0322513 0.9994324
1405349689.384995 -294.5018311 509.3185730 -8.6589384 -0.0080091 -0.0087749 -0.0327460 0.9993931
1405349689.697447 -294.5274658 510.8863525 -8.7402554 -0.0037282 -0.0075061 -0.0316147 0.9994650
1405349689.947409 -294.5508728 512.1362915 -8.8029394 -0.0003901 -0.0042267 -0.0324682 0.9994637
1405349690.259859 -294.5563965 513.7045898 -8.8919840 0.0014749 0.0003480 -0.0310657 0.9995162
1405349690.572310 -294.5465088 515.2820435 -8.9781456 -0.0028008 0.0064242 -0.0300728 0.9995232
1405349690.884762 -294.4966125 516.8378906 -9.0581226 -0.0041859 0.0113913 -0.0237482 0.9996443
1405349691.197219 -294.4685059 518.4065552 -9.1314812 -0.0045218 0.0172394 -0.0331719 0.9992908
1405349691.572197 -294.3915100 520.2943726 -9.2303982 -0.0028917 0.0238749 -0.0307890 0.9992366
1405349692.009672 -294.2694702 522.5080566 -9.3440313 -0.0025831 0.0331811 -0.0331401 0.9988964
1405349692.322148 -294.1580505 524.1007690 -9.4319410 0.0002866 0.0416619 -0.0382538 0.9983991
1405349692.697114 -293.9773865 526.0040894 -9.5560913 0.0036096 0.0523712 -0.0359592 0.9979735
1405349693.197045 -293.6622314 528.4982300 -9.7234650 0.0007773 0.0658869 -0.0319130 0.9973164
1405349693.509495 -293.4584351 530.0521851 -9.8135204 -0.0031524 0.0724277 -0.0321927 0.9968490
1405349693.884451 -293.1624146 531.9110718 -9.9172401 -0.0058019 0.0791321 -0.0285755 0.9964376
1405349694.196917 -292.9258728 533.4217529 -10.0277967 0.0090991 0.0816315 -0.0301395 0.9961652
1405349694.571857 -292.6300659 535.3131714 -10.1552267 0.0018130 0.0845477 -0.0318432 0.9959089
1405349694.946786 -292.3191528 537.1958008 -10.2829323 0.0021006 0.0855175 -0.0301953 0.9958768
1405349695.321726 -292.0263367 539.0914307 -10.3966627 0.0007913 0.0847194 -0.0316087 0.9959031
1405349695.571687 -291.8242188 540.3718262 -10.4652433 -0.0011590 0.0837399 -0.0284837 0.9960798
1405349695.821648 -291.6338196 541.6484985 -10.5527515 0.0027309 0.0826089 -0.0346732 0.9959749
1405349696.196590 -291.3414001 543.5715942 -10.6748142 0.0007842 0.0807151 -0.0316437 0.9962345
1405349696.446550 -291.1477661 544.8432617 -10.7641792 0.0032759 0.0787393 -0.0298308 0.9964435
1405349696.759001 -290.9168701 546.4479980 -10.8680525 0.0020189 0.0755792 -0.0281495 0.9967403
1405349697.133943 -290.6669312 548.3709106 -10.9856224 0.0000119 0.0720444 -0.0306649 0.9969299
1405349697.571374 -290.3651428 550.5889893 -11.1285543 0.0027865 0.0723363 -0.0298648 0.9969292
1405349697.946312 -290.0936279 552.4920044 -11.2478504 0.0002826 0.0740377 -0.0309209 0.9967759
1405349698.383738 -289.7609558 554.6948242 -11.3826389 0.0007655 0.0775367 -0.0302480 0.9965302
1405349698.883655 -289.3806763 557.1868896 -11.5497513 0.0032497 0.0776484 -0.0274733 0.9965969
1405349699.383573 -289.0334167 559.6444092 -11.6927357 -0.0047184 0.0761894 -0.0374900 0.9963772
1405349699.883501 -288.6763306 562.0848389 -11.8538895 0.0031333 0.0762122 -0.0333871 0.9965276
1405349700.320939 -288.3813477 564.2819824 -11.9892693 0.0025327 0.0764979 -0.0268983 0.9967036
1405349700.570908 -288.2039185 565.5206299 -12.0796967 0.0042186 0.0771000 -0.0284556 0.9966083
1405349700.945857 -287.9157104 567.4063721 -12.1831751 -0.0003430 0.0806808 -0.0316336 0.9962378
1405349701.258325 -287.6707458 568.9902954 -12.2778759 -0.0016286 0.0833564 -0.0321717 0.9959990
1405349701.633285 -287.3583069 570.8919678 -12.3866806 -0.0008357 0.0852251 -0.0317651 0.9958549
1405349702.070725 -287.0026855 573.0789185 -12.5234928 -0.0007795 0.0874968 -0.0337305 0.9955933
1405349702.445671 -286.6570435 574.9344482 -12.6293125 -0.0063093 0.0905842 -0.0267201 0.9955103
1405349702.695631 -286.4433594 576.1448364 -12.7010546 -0.0007384 0.0913197 -0.0275534 0.9954401
1405349702.945588 -286.2337036 577.3587036 -12.7831917 0.0019535 0.0909352 -0.0290890 0.9954299
1405349703.258047 -285.9694519 578.8785400 -12.8756170 -0.0004433 0.0908792 -0.0309103 0.9953820
1405349703.570507 -285.6986694 580.4058228 -12.9623260 -0.0036482 0.0910645 -0.0326753 0.9953021
1405349703.757976 -285.5376282 581.3093262 -13.0238647 -0.0021521 0.0910068 -0.0343750 0.9952545
1405349703.945458 -285.3799438 582.2299194 -13.0739851 -0.0001921 0.0911221 -0.0365276 0.9951696
1405349704.195425 -285.1720886 583.4508057 -13.1447496 -0.0027120 0.0911941 -0.0390916 0.9950619
1405349704.570373 -284.8780518 585.2668457 -13.2557039 -0.0055797 0.0907539 -0.0424623 0.9949520
1405349704.945323 -284.5689697 587.1058350 -13.3500738 -0.0026357 0.0901183 -0.0447095 0.9949235
1405349705.445252 -284.1455078 589.5504150 -13.4958048 -0.0035518 0.0914941 -0.0396535 0.9950095
1405349705.945187 -283.7138672 591.9907227 -13.6503839 0.0003276 0.0936975 -0.0397447 0.9948071
1405349706.507661 -283.2011719 594.7133789 -13.8225956 0.0004701 0.1004831 -0.0379957 0.9942129
1405349707.007638 -282.7135620 597.1353760 -13.9855137 0.0030453 0.1059308 -0.0362976 0.9937062
1405349707.382615 -282.3367310 598.9422607 -14.1070518 0.0006803 0.1091436 -0.0357704 0.9933820
1405349707.632595 -282.0864258 600.1514893 -14.1900129 0.0022275 0.1102331 -0.0385426 0.9931557
1405349708.070049 -281.6063232 602.2806396 -14.3334332 0.0019002 0.1137803 -0.0359722 0.9928527
1405349708.320014 -281.3165894 603.5303345 -14.4127846 -0.0001105 0.1151937 -0.0290680 0.9929177
1405349708.569974 -281.0148926 604.7901611 -14.4838400 -0.0053863 0.1173982 -0.0257062 0.9927375
1405349708.882437 -280.6557312 606.3258057 -14.6181154 0.0192165 0.1182462 -0.0287726 0.9923813
1405349709.194887 -280.2733154 607.9408569 -14.7186604 -0.0077133 0.1230111 -0.0307803 0.9918979
1405349709.507334 -279.8768005 609.5007324 -14.8199062 -0.0001426 0.1244838 -0.0260467 0.9918797
1405349709.882270 -279.4176331 611.3752441 -14.9553232 0.0053819 0.1255138 -0.0312007 0.9915865
1405349710.382187 -278.7942200 613.8740234 -15.1382065 0.0058983 0.1274530 -0.0341612 0.9912386
1405349710.819615 -278.2387695 616.0971680 -15.2930298 -0.0007448 0.1264807 -0.0322353 0.9914449
1405349711.194555 -277.7778320 617.9942627 -15.4277782 0.0055054 0.1242637 -0.0327838 0.9916922
1405349711.631982 -277.2301941 620.2283936 -15.6003046 0.0071971 0.1241409 -0.0320288 0.9917215
1405349712.069428 -276.6723938 622.4816895 -15.7797766 0.0069151 0.1246789 -0.0311981 0.9916825
1405349712.569393 -276.0109558 625.0582886 -15.9651289 0.0055052 0.1257490 -0.0314650 0.9915477
1405349712.944370 -275.5381470 627.0151367 -16.1146584 0.0037527 0.1275611 -0.0319385 0.9913092
1405349713.319338 -275.0363464 628.9853516 -16.2403755 -0.0012304 0.1292301 -0.0315486 0.9911119
1405349713.819280 -274.3567505 631.5933838 -16.4506798 0.0108368 0.1363040 -0.0382429 0.9898694
1405349714.381692 -273.4969482 634.5607300 -16.6520214 -0.0029178 0.1445249 -0.0308661 0.9890153
1405349714.881613 -272.7166138 637.1558838 -16.8072605 -0.0038897 0.1504573 -0.0268610 0.9882439
1405349715.381567 -271.9082947 639.7227783 -16.9491386 -0.0056713 0.1539419 -0.0221023 0.9878164
1405349715.881489 -271.1095886 642.2714233 -17.1118660 -0.0050190 0.1568334 -0.0280882 0.9872128
1405349716.443900 -270.2019043 645.1018066 -17.2734547 -0.0010791 0.1606094 -0.0355087 0.9863786
1405349716.881350 -269.4770508 647.2937012 -17.4183884 -0.0025875 0.1643689 -0.0372259 0.9856929
1405349717.318808 -268.7318115 649.4522095 -17.5907555 0.0019811 0.1647938 -0.0305211 0.9858537
1405349717.756238 -267.9964905 651.6331787 -17.7194958 -0.0015852 0.1661730 -0.0282471 0.9856907
1405349718.193666 -267.2700806 653.7701416 -17.8655052 0.0001687 0.1679035 -0.0279490 0.9854072
1405349718.568608 -266.6311340 655.6204224 -17.9808693 -0.0041261 0.1689856 -0.0256643 0.9852757
1405349719.006034 -265.8981934 657.7622070 -18.1126881 -0.0021725 0.1669924 -0.0258623 0.9856166
1405349719.380972 -265.3018188 659.5982666 -18.2199039 -0.0019093 0.1652141 -0.0251418 0.9859354
1405349719.693420 -264.7864380 661.1281128 -18.3206348 -0.0026058 0.1619954 -0.0234857 0.9865085
1405349720.068359 -264.1813049 662.9651489 -18.4175186 -0.0088933 0.1602283 -0.0187566 0.9868617
1405349720.505790 -263.5060425 665.0875244 -18.5426826 -0.0010144 0.1587836 -0.0226221 0.9870537
1405349720.943217 -262.8241272 667.1901855 -18.6690826 -0.0059061 0.1607557 -0.0236940 0.9866921
1405349721.318155 -262.2307739 668.9710693 -18.7755413 -0.0027797 0.1619458 -0.0217889 0.9865552
1405349721.693093 -261.6633301 670.7449951 -18.8929882 0.0002685 0.1621789 -0.0234344 0.9864830
1405349722.193010 -260.8887939 673.0678711 -19.0398083 -0.0017908 0.1651405 -0.0245087 0.9859639
1405349722.630453 -260.2070312 675.0241699 -19.1944046 0.0045196 0.1651921 -0.0150139 0.9861368
1405349723.317864 -259.2469177 677.8820801 -19.3661652 -0.0083345 0.1634384 -0.0080343 0.9864856
1405349723.880337 -258.5647278 679.9830933 -19.4515076 -0.0168303 0.1640488 -0.0161155 0.9861770
1405349724.567801 -257.7810059 682.3276978 -19.5519142 -0.0088932 0.1656188 -0.0205988 0.9859346
1405349725.005250 -257.3043823 683.7567139 -19.6231537 -0.0078747 0.1667440 -0.0219769 0.9857239
1405349725.505206 -256.7547913 685.3579712 -19.7028122 -0.0114614 0.1698797 -0.0213331 0.9851672
1405349726.005142 -256.1486206 686.9636230 -19.7958298 -0.0018695 0.1802231 -0.0196956 0.9834268
1405349726.817506 -255.0297394 689.6780396 -19.9322224 -0.0087746 0.1950507 -0.0133202 0.9806635
1405349727.629870 -253.9181976 692.3819580 -20.0723114 -0.0093736 0.1986880 -0.0129442 0.9799325
