0 3717
1 3720
2 3723
3 3726
4 3729
5 3733
6 3736
7 3739
8 3742
9 3745
10 3748
11 3751
12 3754
13 3758
14 3761
15 3764
16 3767
17 3770
18 3773
19 3776
20 3779
21 3783
22 3786
23 3789
24 3792
25 3795
26 3798
27 3801
28 3804
29 3807
30 3811
31 3814
32 3817
33 3820
34 3823
35 3826
36 3829
37 3833
38 3836
39 3839
40 3842
41 3845
42 3848
43 3851
44 3854
45 3858
46 3861
47 3864
48 3867
49 3870
50 3873
51 3876
52 3879
53 3883
54 3886
55 3889
56 3892
57 3895
58 3898
59 3901
60 3904
61 3907
62 3911
63 3914
64 3917
65 3920
66 3923
67 3926
68 3929
69 3932
70 3936
71 3939
72 3942
73 3945
74 3948
75 3951
76 3954
77 3958
78 3961
79 3964
80 3967
81 3970
82 3973
83 3976
84 3979
85 3982
86 3986
87 3989
88 3992
89 3995
90 3998
91 4001
92 4004
93 4008
94 4011
95 4014
96 4017
97 4020
98 4023
99 4026
100 4029
101 4032
102 4036
103 4039
104 4042
105 4045
106 4048
107 4051
108 4054
109 4057
110 4061
111 4064
112 4067
113 4070
114 4073
115 4076
116 4079
117 4082
118 4086
119 4089
120 4092
121 4095
122 4098
123 4101
124 4104
125 4107
126 4111
127 4114
128 4117
129 4120
130 4123
131 4126
132 4129
133 4132
134 4136
135 4139
136 4142
137 4145
138 4148
139 4151
140 4154
141 4157
142 4161
143 4164
144 4167
145 4170
146 4173
147 4176
148 4179
149 4182
150 4186
151 4189
152 4192
153 4195
154 4201
155 4204
156 4207
157 4211
158 4217
159 4220
160 4223
161 4226
162 4229
163 4232
164 4239
165 4242
166 4245
167 4248
168 4251
169 4257
170 4261
171 4264
172 4267
173 4270
174 4273
175 4279
176 4282
177 4286
178 4289
179 4292
180 4298
181 4301
182 4304
183 4307
184 4311
185 4314
186 4317
187 4320
188 4323
189 4326
190 4329
191 4332
192 4336
193 4339
194 4342
195 4345
196 4348
197 4351
198 4354
199 4357
200 4361
201 4364
202 4367
203 4370
204 4373
205 4376
206 4379
207 4382
208 4386
209 4389
210 4392
211 4395
212 4398
213 4401
214 4404
215 4407
216 4411
217 4414
218 4417
219 4420
220 4423
221 4426
222 4429
223 4432
224 4436
225 4439
226 4442
227 4445
228 4448
229 4451
230 4454
231 4457
232 4461
233 4464
234 4467
235 4470
236 4473
237 4476
238 4479
239 4482
240 4486
241 4489
242 4492
243 4495
244 4498
245 4501
246 4504
247 4507
248 4511
249 4514
250 4517
251 4520
252 4523
253 4526
254 4529
255 4532
256 4536
257 4539
258 4542
259 4545
260 4548
261 4551
262 4554
263 4557
264 4561
265 4564
266 4567
267 4570
268 4573
269 4576
270 4579
271 4582
272 4585
273 4589
274 4592
275 4595
276 4598
277 4601
278 4604
279 4607
280 4611
281 4614
282 4617
283 4620
284 4623
285 4626
286 4629
287 4632
288 4636
289 4639
290 4642
291 4645
292 4648
293 4651
294 4654
295 4657
296 4661
297 4664
298 4667
299 4670
300 4673
301 4676
302 4679
303 4682
304 4685
305 4689
306 4692
307 4695
308 4698
309 4701
310 4704
311 4707
312 4711
313 4714
314 4717
315 4720
316 4723
317 4726
318 4729
319 4732
320 4735
321 4739
322 4742
323 4745
324 4748
325 4751
326 4754
327 4757
328 4761
329 4764
330 4767
331 4770
332 4773
333 4776
334 4779
335 4782
336 4785
337 4789
338 4792
339 4795
340 4798
341 4801
342 4804
343 4807
344 4811
345 4817
346 4820
347 4823
348 4826
349 4832
350 4835
351 4839
352 4842
353 4845
354 4848
355 4851
356 4854
357 4857
358 4861
359 4864
360 4867
361 4870
362 4873
363 4876
364 4879
365 4882
366 4885
367 4889
368 4892
369 4895
370 4898
371 4901
372 4904
373 4907
374 4910
375 4914
376 4917
377 4920
378 4923
379 4926
380 4929
381 4932
382 4935
383 4939
384 4942
385 4945
386 4948
387 4951
388 4954
389 4957
390 4960
391 4964
392 4967
393 4970
394 4973
395 4976
396 4979
397 4982
398 4985
399 4989
400 4992
401 4995
402 4998
403 5001
404 5004
405 5007
406 5010
407 5014
408 5017
409 5020
410 5023
411 5026
412 5029
413 5032
414 5035
415 5039
416 5042
417 5045
418 5048
419 5051
420 5054
421 5057
422 5060
423 5064
424 5067
425 5070
426 5073
427 5076
428 5079
429 5082
430 5085
431 5089
432 5092
433 5095
434 5098
435 5101
436 5104
437 5107
438 5110
439 5114
440 5117
441 5120
442 5123
443 5126
444 5129
445 5132
446 5135
447 5139
448 5142
449 5145
450 5148
451 5151
452 5154
453 5157
454 5160
455 5164
456 5167
457 5170
458 5173
459 5176
460 5179
461 5182
462 5185
463 5189
464 5192
465 5195
466 5198
467 5201
468 5204
469 5207
470 5210
471 5214
472 5217
473 5220
474 5223
475 5226
476 5229
477 5232
478 5235
479 5239
480 5242
481 5245
482 5248
483 5251
484 5254
485 5257
486 5260
487 5264
488 5267
489 5270
490 5273
491 5276
492 5279
493 5282
494 5285
495 5289
496 5292
497 5295
498 5298
499 5301
500 5304
501 5307
502 5310
503 5314
504 5317
505 5320
506 5323
507 5326
508 5329
509 5332
510 5335
511 5339
512 5342
513 5345
514 5348
515 5351
516 5354
517 5357
518 5360
519 5364
520 5367
521 5370
522 5373
523 5376
524 5379
525 5382
526 5385
527 5389
528 5392
529 5395
530 5398
531 5401
532 5404
533 5407
534 5410
535 5414
536 5417
537 5420
538 5423
539 5426
540 5429
541 5432
542 5435
543 5439
544 5442
545 5445
546 5448
547 5451
548 5454
549 5457
550 5460
551 5464
552 5467
553 5470
554 5473
555 5476
556 5479
557 5482
558 5485
559 5489
560 5495
561 5498
562 5501
563 5504
564 5510
565 5514
566 5517
567 5520
568 5523
569 5526
570 5529
571 5532
572 5535
573 5539
574 5542
575 5545
576 5548
577 5551
578 5554
579 5557
580 5560
581 5564
582 5567
583 5570
584 5573
585 5576
586 5579
587 5582
588 5585
589 5589
590 5592
591 5595
592 5598
593 5601
594 5604
595 5607
596 5610
597 5614
598 5617
599 5620
600 5623
601 5626
602 5629
603 5632
604 5635
605 5639
606 5642
607 5645
608 5648
609 5651
610 5654
611 5657
612 5660
613 5664
614 5667
615 5670
616 5673
617 5676
618 5679
619 5682
620 5685
621 5689
622 5692
623 5695
624 5698
625 5701
626 5704
627 5707
628 5710
629 5714
630 5717
631 5720
632 5723
633 5726
634 5729
635 5732
636 5735
637 5739
638 5742
639 5745
640 5748
641 5751
642 5754
643 5757
644 5760
645 5764
646 5767
647 5770
648 5773
649 5776
650 5779
651 5782
652 5785
653 5788
654 5792
655 5795
656 5798
657 5801
658 5804
659 5807
660 5810
661 5814
662 5817
663 5820
664 5823
665 5826
666 5829
667 5832
668 5835
669 5838
670 5842
671 5845
672 5848
673 5851
674 5854
675 5857
676 5860
677 5863
678 5867
679 5870
680 5873
681 5876
682 5879
683 5882
684 5885
685 5888
686 5892
687 5895
688 5898
689 5901
690 5904
691 5907
692 5910
693 5913
694 5917
695 5920
696 5923
697 5926
698 5929
699 5932
700 5935
701 5938
702 5942
703 5945
704 5948
705 5951
706 5954
707 5957
708 5960
709 5963
710 5967
711 5970
712 5973
713 5976
714 5979
715 5982
716 5985
717 5988
718 5992
719 5995
720 5998
721 6001
722 6004
723 6010
724 6013
725 6017
726 6020
727 6026
728 6029
729 6032
730 6035
731 6038
732 6042
733 6045
734 6048
735 6051
736 6054
737 6057
738 6060
739 6063
740 6067
741 6070
742 6073
743 6076
744 6079
745 6082
746 6085
747 6088
748 6092
749 6095
750 6098
751 6101
752 6104
753 6107
754 6110
755 6113
756 6117
757 6120
758 6123
759 6126
760 6129
761 6132
762 6135
763 6138
764 6142
765 6145
766 6148
767 6151
768 6154
769 6157
770 6160
771 6163
772 6167
773 6170
774 6173
775 6176
776 6179
777 6182
778 6185
779 6188
780 6192
781 6195
782 6198
783 6201
784 6204
785 6207
786 6210
787 6213
788 6217
789 6220
790 6223
791 6226
792 6229
793 6232
794 6235
795 6238
796 6242
797 6245
798 6248
799 6251
800 6254
801 6257
802 6260
803 6263
804 6266
805 6270
806 6273
807 6276
808 6279
809 6282
810 6285
811 6288
812 6292
813 6295
814 6298
815 6301
816 6304
817 6307
818 6310
819 6313
820 6317
821 6320
822 6323
823 6326
824 6329
825 6332
826 6335
827 6338
828 6342
829 6345
830 6348
831 6351
832 6354
833 6357
834 6360
835 6363
836 6366
837 6370
838 6373
839 6376
840 6379
841 6382
842 6385
843 6388
844 6392
845 6395
846 6398
847 6401
848 6404
849 6407
850 6410
851 6413
852 6417
853 6420
854 6423
855 6426
856 6429
857 6432
858 6435
859 6438
860 6442
861 6445
862 6448
863 6451
864 6454
865 6457
866 6460
867 6463
868 6467
869 6470
870 6473
871 6476
872 6479
873 6482
874 6485
875 6488
876 6492
877 6495
878 6498
879 6501
880 6504
881 6507
882 6510
883 6513
884 6516
885 6520
886 6523
887 6526
888 6529
889 6532
890 6535
891 6538
892 6542
893 6545
894 6548
895 6551
896 6554
897 6557
898 6560
899 6563
900 6566
901 6570
902 6573
903 6576
904 6579
905 6582
906 6585
907 6588
908 6592
909 6595
910 6598
911 6601
912 6604
913 6607
914 6610
915 6613
916 6616
917 6620
918 6623
919 6626
920 6629
921 6632
922 6635
923 6638
924 6642
925 6645
926 6648
927 6651
928 6654
929 6657
930 6660
931 6663
932 6666
933 6670
934 6673
935 6676
936 6679
937 6682
938 6685
939 6688
940 6691
941 6695
942 6698
943 6701
944 6704
945 6707
946 6710
947 6713
948 6716
949 6720
950 6723
951 6726
952 6729
953 6732
954 6735
955 6738
956 6742
957 6745
958 6748
959 6751
960 6754
961 6757
962 6760
963 6763
964 6766
965 6770
966 6773
967 6776
968 6779
969 6782
970 6785
971 6788
972 6791
973 6795
974 6798
975 6801
976 6804
977 6807
978 6810
979 6813
980 6816
981 6820
982 6823
983 6826
984 6829
985 6832
986 6835
987 6838
988 6841
989 6845
990 6848
991 6851
992 6854
993 6857
994 6860
995 6863
996 6866
997 6870
998 6873
999 6876
1000 6879
1001 6882
1002 6885
1003 6888
1004 6891
1005 6895
1006 6898
1007 6901
1008 6904
1009 6907
1010 6910
1011 6913
1012 6916
1013 6920
1014 6923
1015 6926
1016 6929
1017 6932
1018 6935
1019 6938
1020 6941
1021 6945
1022 6948
1023 6951
1024 6954
1025 6957
1026 6960
1027 6963
1028 6966
1029 6970
1030 6973
1031 6976
1032 6979
1033 6982
1034 6985
1035 6988
1036 6991
1037 6995
1038 6998
1039 7001
1040 7004
1041 7007
1042 7010
1043 7013
1044 7016
1045 7020
1046 7023
1047 7026
1048 7029
1049 7032
1050 7035
1051 7038
1052 7041
1053 7045
1054 7048
1055 7051
1056 7054
1057 7057
1058 7060
1059 7063
1060 7066
1061 7070
1062 7073
1063 7076
1064 7079
1065 7082
1066 7085
1067 7088
1068 7091
1069 7095
1070 7098
1071 7101
1072 7104
1073 7107
1074 7110
1075 7113
1076 7116
1077 7120
1078 7123
1079 7126
1080 7129
1081 7132
1082 7135
1083 7138
1084 7141
1085 7148
1086 7151
1087 7154
1088 7157
1089 7163
1090 7166
1091 7170
1092 7173
1093 7176
1094 7182
1095 7185
1096 7188
1097 7191
1098 7195
1099 7198
1100 7204
1101 7207
1102 7210
1103 7213
1104 7216
1105 7223
1106 7226
1107 7229
1108 7232
1109 7235
1110 7241
1111 7245
1112 7248
1113 7251
1114 7254
1115 7257
1116 7263
1117 7266
1118 7270
1119 7273
1120 7276
1121 7282
1122 7285
1123 7288
1124 7291
1125 7298
1126 7301
1127 7304
1128 7307
1129 7310
1130 7313
1131 7320
1132 7323
1133 7326
1134 7329
1135 7332
1136 7335
1137 7341
1138 7345
1139 7348
1140 7351
1141 7354
1142 7357
1143 7363
1144 7366
1145 7370
1146 7373
1147 7376
1148 7382
1149 7385
1150 7388
1151 7391
1152 7395
1153 7401
1154 7404
1155 7407
1156 7410
1157 7413
1158 7420
1159 7423
1160 7426
1161 7429
1162 7435
1163 7438
1164 7441
1165 7445
1166 7448
1167 7454
1168 7457
1169 7460
1170 7463
1171 7470
1172 7473
1173 7476
1174 7482
1175 7485
1176 7488
1177 7491
1178 7495
1179 7501
1180 7504
1181 7507
1182 7510
1183 7516
1184 7520
1185 7523
1186 7526
1187 7532
1188 7535
1189 7538
1190 7541
1191 7548
1192 7551
1193 7554
1194 7557
1195 7560
1196 7566
1197 7570
1198 7573
1199 7576
1200 7582
1201 7585
1202 7588
1203 7591
1204 7598
1205 7601
1206 7604
1207 7607
1208 7613
1209 7616
1210 7619
1211 7623
1212 7626
1213 7632
1214 7635
1215 7638
1216 7641
1217 7648
1218 7651
1219 7654
1220 7657
1221 7663
1222 7666
1223 7669
1224 7673
1225 7679
1226 7682
1227 7685
1228 7688
1229 7691
1230 7698
1231 7701
1232 7704
1233 7707
1234 7713
1235 7716
1236 7719
1237 7723
1238 7729
1239 7732
1240 7735
1241 7738
1242 7741
1243 7744
1244 7751
1245 7754
1246 7757
1247 7760
1248 7763
1249 7766
1250 7773
1251 7776
1252 7779
1253 7782
1254 7788
1255 7791
1256 7794
1257 7798
1258 7804
1259 7807
1260 7810
1261 7813
1262 7819
1263 7823
1264 7826
1265 7829
1266 7832
1267 7835
1268 7841
1269 7844
1270 7848
1271 7851
1272 7854
1273 7857
1274 7863
1275 7866
1276 7869
1277 7873
1278 7876
1279 7882
1280 7885
1281 7888
1282 7891
1283 7894
1284 7898
1285 7904
1286 7907
1287 7910
1288 7913
1289 7916
1290 7919
1291 7926
1292 7929
1293 7932
1294 7935
1295 7938
1296 7944
1297 7948
1298 7951
1299 7954
1300 7960
1301 7963
1302 7966
1303 7969
1304 7976
1305 7979
1306 7982
1307 7985
1308 7988
1309 7994
1310 7997
1311 8001
1312 8004
1313 8007
1314 8010
1315 8016
1316 8019
1317 8023
1318 8026
1319 8032
1320 8035
1321 8038
1322 8041
1323 8048
1324 8051
1325 8054
1326 8057
1327 8063
1328 8066
1329 8069
1330 8073
1331 8076
1332 8082
1333 8085
1334 8088
1335 8091
1336 8097
1337 8101
1338 8104
1339 8107
1340 8113
1341 8116
1342 8119
1343 8123
1344 8129
1345 8132
1346 8135
1347 8138
1348 8144
1349 8147
1350 8151
1351 8154
1352 8157
1353 8163
1354 8166
1355 8169
1356 8173
1357 8179
1358 8182
1359 8185
1360 8188
1361 8194
1362 8197
1363 8201
1364 8204
1365 8210
1366 8213
1367 8216
1368 8219
1369 8226
1370 8229
1371 8232
1372 8235
1373 8241
1374 8244
1375 8248
1376 8251
1377 8254
1378 8257
1379 8263
1380 8266
1381 8269
1382 8273
1383 8276
1384 8279
1385 8285
1386 8288
1387 8291
1388 8294
1389 8298
1390 8301
1391 8304
1392 8307
1393 8310
1394 8313
1395 8316
1396 8319
1397 8323
1398 8326
1399 8329
1400 8332
1401 8335
1402 8338
1403 8341
1404 8344
1405 8348
1406 8351
1407 8354
1408 8357
1409 8360
1410 8363
1411 8366
1412 8369
1413 8373
1414 8376
1415 8379
1416 8382
1417 8385
1418 8388
1419 8391
1420 8394
1421 8398
1422 8401
1423 8404
1424 8407
1425 8410
1426 8413
1427 8416
1428 8419
1429 8423
1430 8426
1431 8429
1432 8432
1433 8435
1434 8438
1435 8441
1436 8444
1437 8448
1438 8451
1439 8454
1440 8457
1441 8460
1442 8463
1443 8466
1444 8469
1445 8473
1446 8476
1447 8479
1448 8482
1449 8485
1450 8488
1451 8491
1452 8494
1453 8498
1454 8501
1455 8504
1456 8507
1457 8510
1458 8513
1459 8516
1460 8519
1461 8523
1462 8526
1463 8529
1464 8532
1465 8535
1466 8538
1467 8541
1468 8544
1469 8547
1470 8551
1471 8554
1472 8557
1473 8560
1474 8563
1475 8566
1476 8569
1477 8572
1478 8576
1479 8579
1480 8582
1481 8585
1482 8588
1483 8591
1484 8594
1485 8597
1486 8601
1487 8604
1488 8607
1489 8610
1490 8613
1491 8616
1492 8619
1493 8623
1494 8626
1495 8629
1496 8632
1497 8635
1498 8638
1499 8641
1500 8644
1501 8647
1502 8651
1503 8654
1504 8657
1505 8660
1506 8663
1507 8666
1508 8669
1509 8672
1510 8676
1511 8679
1512 8682
1513 8685
1514 8688
1515 8691
1516 8694
1517 8697
1518 8701
1519 8704
1520 8707
1521 8710
1522 8713
1523 8716
1524 8719
1525 8722
1526 8726
1527 8729
1528 8732
1529 8735
1530 8738
1531 8741
1532 8744
1533 8747
1534 8751
1535 8754
1536 8757
1537 8760
1538 8763
1539 8766
1540 8769
1541 8772
1542 8776
1543 8779
1544 8782
1545 8785
1546 8788
1547 8791
1548 8794
1549 8797
1550 8801
1551 8807
1552 8810
1553 8813
1554 8816
1555 8819
1556 8822
1557 8829
1558 8832
1559 8835
1560 8838
1561 8841
1562 8844
1563 8851
1564 8854
1565 8857
1566 8860
1567 8863
1568 8866
1569 8869
1570 8876
1571 8879
1572 8882
1573 8885
1574 8888
1575 8891
1576 8897
1577 8901
1578 8904
1579 8907
1580 8910
1581 8913
1582 8919
1583 8922
1584 8926
1585 8929
1586 8932
1587 8938
1588 8941
1589 8944
1590 8947
1591 8954
1592 8957
1593 8960
1594 8963
1595 8966
1596 8972
1597 8976
1598 8979
1599 8982
1600 8988
1601 8991
1602 8994
1603 8997
1604 9001
1605 9007
1606 9010
1607 9013
1608 9016
1609 9022
1610 9026
1611 9029
1612 9032
1613 9035
1614 9038
1615 9044
1616 9047
1617 9051
1618 9054
1619 9057
1620 9060
1621 9066
1622 9069
1623 9072
1624 9076
1625 9079
1626 9082
1627 9088
1628 9091
1629 9094
1630 9097
1631 9101
1632 9104
1633 9110
1634 9113
1635 9116
1636 9119
1637 9122
1638 9126
1639 9132
1640 9135
1641 9138
1642 9141
1643 9144
1644 9147
1645 9154
1646 9157
1647 9160
1648 9163
1649 9166
1650 9169
1651 9176
1652 9179
1653 9182
1654 9185
1655 9188
1656 9191
1657 9194
1658 9197
1659 9201
1660 9204
1661 9207
1662 9210
1663 9213
1664 9216
1665 9219
1666 9222
1667 9226
1668 9229
1669 9232
1670 9235
1671 9238
1672 9241
1673 9244
1674 9247
1675 9251
1676 9254
1677 9257
1678 9260
1679 9263
1680 9266
1681 9269
1682 9272
1683 9276
1684 9279
1685 9282
1686 9285
1687 9288
1688 9291
1689 9294
1690 9297
1691 9301
1692 9304
1693 9307
1694 9310
1695 9313
1696 9316
1697 9319
1698 9322
1699 9325
1700 9329
1701 9332
1702 9335
1703 9338
1704 9341
1705 9344
1706 9347
1707 9351
1708 9354
1709 9357
1710 9360
1711 9363
1712 9366
1713 9369
1714 9372
1715 9375
1716 9379
1717 9382
1718 9385
1719 9388
1720 9391
1721 9394
1722 9397
1723 9401
1724 9404
1725 9407
1726 9410
1727 9413
1728 9416
1729 9419
1730 9422
1731 9425
1732 9429
1733 9432
1734 9435
1735 9438
1736 9441
1737 9444
1738 9447
1739 9450
1740 9454
1741 9457
1742 9460
1743 9463
1744 9466
1745 9469
1746 9472
1747 9475
1748 9479
1749 9482
1750 9485
1751 9488
1752 9491
1753 9494
1754 9497
1755 9500
1756 9504
1757 9507
1758 9510
1759 9513
1760 9516
1761 9519
1762 9522
1763 9525
1764 9529
1765 9532
1766 9535
1767 9538
1768 9541
1769 9544
1770 9547
1771 9550
1772 9554
1773 9557
1774 9560
1775 9563
1776 9566
1777 9569
1778 9572
1779 9575
1780 9579
1781 9582
1782 9585
1783 9588
1784 9591
1785 9594
1786 9597
1787 9600
1788 9604
1789 9607
1790 9610
1791 9613
1792 9616
1793 9619
1794 9622
1795 9625
1796 9629
1797 9632
1798 9635
1799 9638
1800 9641
1801 9644
1802 9647
1803 9650
1804 9654
1805 9657
1806 9660
1807 9663
1808 9666
1809 9669
1810 9672
1811 9675
1812 9679
1813 9682
1814 9685
1815 9688
1816 9691
1817 9694
1818 9697
1819 9700
1820 9704
1821 9707
1822 9710
1823 9713
1824 9716
1825 9719
1826 9722
1827 9725
1828 9729
1829 9732
1830 9735
1831 9738
1832 9741
1833 9744
1834 9747
1835 9750
1836 9754
1837 9757
1838 9760
1839 9763
1840 9766
1841 9769
1842 9772
1843 9775
1844 9779
1845 9782
1846 9785
1847 9788
1848 9791
1849 9794
1850 9797
1851 9800
1852 9804
1853 9807
1854 9810
1855 9813
1856 9816
1857 9819
1858 9822
1859 9825
1860 9829
1861 9832
1862 9835
1863 9838
1864 9841
1865 9844
1866 9847
1867 9850
1868 9854
1869 9857
1870 9860
1871 9863
1872 9866
1873 9869
1874 9872
1875 9875
1876 9879
1877 9882
1878 9885
1879 9888
1880 9891
1881 9894
1882 9897
1883 9900
1884 9904
1885 9907
1886 9910
1887 9913
1888 9916
1889 9919
1890 9922
1891 9925
1892 9929
1893 9932
1894 9935
1895 9938
1896 9941
1897 9944
1898 9947
1899 9950
1900 9954
1901 9957
1902 9960
1903 9963
1904 9966
1905 9969
1906 9972
1907 9975
1908 9979
1909 9982
1910 9985
1911 9988
1912 9991
1913 9994
1914 9997
1915 10000
1916 10004
1917 10007
1918 10010
1919 10013
1920 10016
1921 10019
1922 10022
1923 10025
1924 10029
1925 10032
1926 10035
1927 10038
1928 10041
1929 10044
1930 10047
1931 10050
1932 10054
1933 10057
1934 10060
1935 10063
1936 10066
1937 10069
1938 10072
1939 10075
1940 10079
1941 10082
1942 10085
1943 10088
1944 10091
1945 10094
1946 10097
1947 10100
1948 10104
1949 10107
1950 10110
1951 10113
1952 10116
1953 10119
1954 10122
1955 10125
1956 10129
1957 10132
1958 10135
1959 10138
1960 10141
1961 10144
1962 10147
1963 10150
1964 10154
1965 10157
1966 10160
1967 10163
1968 10166
1969 10169
1970 10172
1971 10175
1972 10179
1973 10182
1974 10185
1975 10188
1976 10191
1977 10194
1978 10197
1979 10200
1980 10204
1981 10207
1982 10210
1983 10213
1984 10216
1985 10219
1986 10222
1987 10225
1988 10229
1989 10232
1990 10235
1991 10238
1992 10241
1993 10244
1994 10247
1995 10250
1996 10253
1997 10257
1998 10260
1999 10263
2000 10266
2001 10269
2002 10272
2003 10275
2004 10279
2005 10282
2006 10285
2007 10288
2008 10291
2009 10294
2010 10297
2011 10300
2012 10303
2013 10307
2014 10310
2015 10313
2016 10316
2017 10319
2018 10322
2019 10325
2020 10329
2021 10332
2022 10335
2023 10338
2024 10341
2025 10344
2026 10347
2027 10350
2028 10353
2029 10357
2030 10360
2031 10363
2032 10366
2033 10369
2034 10372
2035 10375
2036 10379
2037 10382
2038 10385
2039 10388
2040 10391
2041 10394
2042 10397
2043 10400
2044 10403
2045 10407
2046 10410
2047 10413
2048 10416
2049 10419
2050 10422
2051 10425
2052 10429
2053 10432
2054 10435
2055 10438
2056 10441
2057 10444
2058 10447
2059 10450
2060 10453
2061 10457
2062 10460
2063 10463
2064 10466
2065 10469
2066 10472
2067 10475
2068 10478
2069 10482
2070 10485
2071 10488
2072 10491
2073 10494
2074 10497
2075 10500
2076 10503
2077 10507
2078 10510
2079 10513
2080 10516
2081 10519
2082 10522
2083 10525
2084 10528
2085 10532
2086 10535
2087 10538
2088 10541
2089 10544
2090 10547
2091 10550
2092 10553
2093 10557
2094 10560
2095 10563
2096 10566
2097 10569
2098 10572
2099 10575
2100 10578
2101 10582
2102 10585
2103 10588
2104 10591
2105 10594
2106 10597
2107 10600
2108 10603
2109 10607
2110 10610
2111 10613
2112 10616
2113 10619
2114 10622
2115 10625
2116 10628
2117 10632
2118 10635
2119 10638
2120 10641
2121 10644
2122 10647
2123 10650
2124 10653
2125 10657
2126 10660
2127 10663
2128 10666
2129 10669
2130 10672
2131 10675
2132 10678
2133 10682
2134 10685
2135 10688
2136 10691
2137 10694
2138 10697
2139 10700
2140 10703
2141 10707
2142 10710
2143 10713
2144 10716
2145 10719
2146 10722
2147 10725
2148 10728
2149 10732
2150 10735
2151 10738
2152 10741
2153 10744
2154 10747
2155 10750
2156 10753
2157 10757
2158 10760
2159 10763
2160 10766
2161 10769
2162 10772
2163 10775
2164 10778
2165 10782
2166 10785
2167 10788
2168 10791
2169 10794
2170 10797
2171 10800
2172 10803
2173 10807
2174 10810
2175 10813
2176 10816
2177 10819
2178 10822
2179 10825
2180 10828
2181 10832
2182 10835
2183 10838
2184 10841
2185 10844
2186 10847
2187 10850
2188 10853
2189 10856
2190 10860
2191 10863
2192 10866
2193 10869
2194 10872
2195 10875
2196 10878
2197 10882
2198 10885
2199 10888
2200 10891
2201 10894
2202 10897
2203 10900
2204 10903
2205 10907
2206 10910
2207 10913
2208 10916
2209 10919
2210 10922
2211 10925
2212 10928
2213 10932
2214 10935
2215 10938
2216 10941
2217 10944
2218 10947
2219 10950
2220 10953
2221 10957
2222 10960
2223 10963
2224 10966
2225 10969
2226 10972
2227 10975
2228 10978
2229 10982
2230 10985
2231 10988
2232 10991
2233 10994
2234 10997
2235 11000
2236 11003
2237 11007
2238 11010
2239 11013
2240 11016
2241 11019
2242 11022
2243 11025
2244 11028
2245 11032
2246 11035
2247 11038
2248 11041
2249 11044
2250 11047
2251 11050
2252 11053
2253 11057
2254 11060
2255 11063
2256 11066
2257 11069
2258 11072
2259 11075
2260 11078
2261 11082
2262 11085
2263 11088
2264 11091
2265 11094
2266 11097
2267 11100
2268 11103
2269 11107
2270 11110
2271 11113
2272 11116
2273 11119
2274 11122
2275 11125
2276 11128
2277 11132
2278 11135
2279 11138
2280 11141
2281 11144
2282 11147
2283 11150
2284 11153
2285 11156
2286 11160
2287 11163
2288 11166
2289 11169
2290 11172
2291 11175
2292 11178
2293 11182
2294 11185
2295 11188
2296 11191
2297 11194
2298 11197
2299 11200
2300 11203
2301 11206
2302 11210
2303 11213
2304 11216
2305 11222
2306 11225
2307 11228
2308 11231
2309 11235
2310 11238
2311 11244
2312 11247
2313 11250
2314 11253
2315 11256
2316 11260
2317 11266
2318 11269
2319 11272
2320 11275
2321 11278
2322 11282
2323 11288
2324 11291
2325 11294
2326 11297
2327 11300
2328 11303
2329 11310
2330 11313
2331 11316
2332 11319
2333 11322
2334 11325
2335 11328
2336 11331
2337 11335
2338 11338
2339 11341
2340 11344
2341 11347
2342 11350
2343 11353
2344 11356
2345 11360
2346 11363
2347 11366
2348 11369
2349 11372
2350 11375
2351 11378
2352 11381
2353 11385
2354 11388
2355 11391
2356 11394
2357 11397
2358 11400
2359 11403
2360 11406
2361 11410
2362 11413
2363 11416
2364 11419
2365 11422
2366 11425
2367 11428
2368 11431
2369 11435
2370 11438
2371 11441
2372 11444
2373 11447
2374 11450
2375 11453
2376 11456
2377 11460
2378 11463
2379 11466
2380 11469
2381 11472
2382 11475
2383 11478
2384 11481
2385 11485
2386 11488
2387 11491
2388 11494
2389 11497
2390 11500
2391 11503
2392 11506
2393 11510
2394 11513
2395 11516
2396 11519
2397 11522
2398 11525
2399 11528
2400 11531
2401 11535
2402 11538
2403 11541
2404 11544
2405 11547
2406 11550
2407 11553
2408 11556
2409 11560
2410 11563
2411 11566
2412 11569
2413 11572
2414 11575
2415 11578
2416 11581
2417 11585
2418 11588
2419 11591
2420 11594
2421 11597
2422 11600
2423 11603
2424 11606
2425 11610
2426 11613
2427 11616
2428 11619
2429 11622
2430 11625
2431 11628
2432 11631
2433 11635
2434 11638
2435 11641
2436 11644
2437 11647
2438 11650
2439 11653
2440 11656
2441 11660
2442 11663
2443 11666
2444 11669
2445 11672
2446 11675
2447 11678
2448 11681
2449 11685
2450 11688
2451 11691
2452 11694
2453 11697
2454 11700
2455 11703
2456 11706
2457 11710
2458 11713
2459 11716
2460 11719
2461 11722
2462 11725
2463 11728
2464 11731
2465 11735
2466 11738
2467 11741
2468 11744
2469 11747
2470 11750
2471 11753
2472 11756
2473 11760
2474 11763
2475 11766
2476 11769
2477 11772
2478 11775
2479 11778
2480 11781
2481 11785
2482 11788
2483 11791
2484 11794
2485 11797
2486 11800
2487 11803
2488 11806
2489 11810
2490 11813
2491 11816
2492 11819
2493 11822
2494 11825
2495 11828
2496 11831
2497 11835
2498 11838
2499 11841
2500 11844
2501 11847
2502 11850
2503 11853
2504 11856
2505 11860
2506 11863
2507 11866
2508 11869
2509 11872
2510 11875
2511 11878
2512 11881
2513 11885
2514 11888
2515 11891
2516 11894
2517 11897
2518 11900
2519 11903
2520 11906
2521 11910
2522 11913
2523 11916
2524 11919
2525 11922
2526 11925
2527 11928
2528 11931
2529 11935
2530 11938
2531 11941
2532 11944
2533 11947
2534 11950
2535 11953
2536 11956
2537 11960
2538 11963
2539 11966
2540 11969
2541 11972
2542 11975
2543 11978
2544 11981
2545 11985
2546 11988
2547 11991
2548 11994
2549 11997
2550 12000
2551 12003
2552 12006
2553 12010
2554 12013
2555 12016
2556 12019
2557 12022
2558 12025
2559 12028
2560 12031
2561 12035
2562 12038
2563 12041
2564 12044
2565 12047
2566 12050
2567 12053
2568 12056
2569 12060
2570 12063
2571 12066
2572 12069
2573 12072
2574 12075
2575 12078
2576 12081
2577 12085
2578 12088
2579 12091
2580 12094
2581 12097
2582 12100
2583 12103
2584 12106
2585 12110
2586 12113
2587 12116
2588 12119
2589 12122
2590 12125
2591 12128
2592 12131
2593 12135
2594 12138
2595 12141
2596 12144
2597 12147
2598 12150
2599 12153
2600 12156
2601 12160
2602 12163
2603 12166
2604 12169
2605 12172
2606 12175
2607 12178
2608 12181
2609 12184
2610 12188
2611 12191
2612 12194
2613 12197
2614 12200
2615 12203
2616 12206
2617 12209
2618 12213
2619 12216
2620 12219
2621 12222
2622 12225
2623 12228
2624 12231
2625 12234
2626 12238
2627 12241
2628 12244
2629 12247
2630 12250
2631 12253
2632 12256
2633 12259
2634 12263
2635 12266
2636 12269
2637 12272
2638 12275
2639 12278
2640 12281
2641 12284
2642 12288
2643 12291
2644 12294
2645 12297
2646 12300
2647 12303
2648 12306
2649 12309
2650 12313
2651 12316
2652 12319
2653 12322
2654 12325
2655 12328
2656 12331
2657 12334
2658 12338
2659 12341
2660 12344
2661 12347
2662 12350
2663 12353
2664 12356
2665 12359
2666 12363
2667 12366
2668 12369
2669 12372
2670 12375
2671 12378
2672 12381
2673 12384
2674 12388
2675 12391
2676 12394
2677 12400
2678 12403
2679 12406
2680 12409
2681 12413
2682 12419
2683 12422
2684 12425
2685 12428
2686 12434
2687 12438
2688 12441
2689 12444
2690 12450
2691 12453
2692 12456
2693 12459
2694 12463
2695 12469
2696 12472
2697 12475
2698 12478
2699 12484
2700 12488
2701 12491
2702 12494
2703 12500
2704 12503
2705 12506
2706 12509
2707 12513
2708 12519
2709 12522
2710 12525
2711 12528
2712 12531
2713 12534
2714 12538
2715 12541
2716 12544
2717 12547
2718 12550
2719 12553
2720 12556
2721 12559
2722 12563
2723 12569
2724 12572
2725 12575
2726 12578
2727 12584
2728 12588
2729 12591
2730 12594
2731 12600
2732 12603
2733 12606
2734 12609
2735 12616
2736 12619
2737 12622
2738 12625
2739 12628
2740 12634
2741 12638
2742 12641
2743 12644
2744 12647
2745 12653
2746 12656
2747 12659
2748 12663
2749 12669
2750 12672
2751 12675
2752 12678
2753 12681
2754 12688
2755 12691
2756 12694
2757 12697
2758 12703
2759 12706
2760 12709
2761 12713
2762 12719
2763 12722
2764 12725
2765 12728
2766 12731
2767 12738
2768 12741
2769 12744
2770 12747
2771 12753
2772 12756
2773 12759
2774 12763
2775 12766
2776 12769
2777 12772
2778 12775
2779 12778
2780 12781
2781 12784
2782 12787
2783 12791
2784 12794
2785 12797
2786 12800
2787 12803
2788 12806
2789 12809
2790 12813
2791 12816
2792 12819
2793 12822
2794 12825
2795 12828
2796 12831
2797 12834
2798 12838
2799 12841
2800 12844
2801 12847
2802 12850
2803 12853
2804 12856
2805 12859
2806 12863
2807 12866
2808 12869
2809 12872
2810 12875
2811 12878
2812 12881
2813 12884
2814 12888
2815 12891
2816 12894
2817 12897
2818 12900
2819 12903
2820 12906
2821 12909
2822 12913
2823 12916
2824 12919
2825 12922
2826 12925
2827 12928
2828 12931
2829 12934
2830 12938
2831 12941
2832 12944
2833 12947
2834 12950
2835 12953
2836 12956
2837 12959
2838 12963
2839 12966
2840 12969
2841 12972
2842 12975
2843 12978
2844 12981
2845 12984
2846 12988
2847 12991
2848 12994
2849 12997
2850 13000
2851 13003
2852 13006
2853 13009
2854 13013
2855 13016
2856 13019
2857 13022
2858 13025
2859 13028
2860 13031
2861 13034
2862 13037
2863 13040
2864 13044
2865 13047
2866 13050
2867 13053
2868 13056
2869 13059
2870 13063
2871 13066
2872 13069
2873 13072
2874 13075
2875 13078
2876 13081
2877 13084
2878 13087
2879 13091
2880 13094
2881 13097
2882 13100
2883 13103
2884 13106
2885 13109
2886 13113
2887 13116
2888 13119
2889 13122
2890 13125
2891 13128
2892 13131
2893 13134
2894 13138
2895 13141
2896 13144
2897 13147
2898 13150
2899 13153
2900 13156
2901 13159
2902 13162
2903 13166
2904 13169
2905 13172
2906 13175
2907 13178
2908 13181
2909 13184
2910 13187
2911 13191
2912 13194
2913 13197
2914 13200
2915 13203
2916 13206
2917 13209
2918 13212
2919 13216
2920 13219
2921 13222
2922 13225
2923 13228
2924 13231
2925 13234
2926 13237
2927 13241
2928 13244
2929 13247
2930 13250
2931 13253
2932 13256
2933 13259
2934 13262
2935 13266
2936 13269
2937 13272
2938 13275
2939 13278
2940 13281
2941 13284
2942 13287
2943 13291
2944 13294
2945 13297
2946 13300
2947 13303
2948 13306
2949 13309
2950 13312
2951 13316
2952 13319
2953 13322
2954 13325
2955 13328
2956 13331
2957 13334
2958 13337
2959 13341
2960 13344
2961 13347
2962 13350
2963 13353
2964 13356
2965 13359
2966 13362
2967 13366
2968 13369
2969 13372
2970 13375
2971 13378
2972 13381
2973 13384
2974 13387
2975 13391
2976 13394
2977 13397
2978 13400
2979 13403
2980 13406
2981 13409
2982 13412
2983 13416
2984 13419
2985 13422
2986 13425
2987 13428
2988 13431
2989 13434
2990 13437
2991 13441
2992 13444
2993 13447
2994 13450
2995 13453
2996 13456
2997 13459
2998 13462
2999 13466
3000 13469
3001 13472
3002 13475
3003 13478
3004 13481
3005 13484
3006 13487
3007 13491
3008 13494
3009 13497
3010 13500
3011 13503
3012 13506
3013 13509
3014 13512
3015 13516
3016 13519
3017 13522
3018 13525
3019 13528
3020 13534
3021 13537
3022 13541
3023 13544
3024 13550
3025 13553
3026 13556
3027 13559
3028 13562
3029 13569
3030 13572
3031 13575
3032 13578
3033 13584
3034 13587
3035 13591
3036 13594
3037 13597
3038 13600
3039 13606
3040 13609
3041 13612
3042 13616
3043 13619
3044 13622
3045 13628
3046 13631
3047 13634
3048 13637
3049 13641
3050 13644
3051 13647
3052 13650
3053 13653
3054 13656
3055 13659
3056 13662
3057 13666
3058 13669
3059 13672
3060 13675
3061 13678
3062 13681
3063 13684
3064 13687
3065 13691
3066 13694
3067 13697
3068 13700
3069 13703
3070 13706
3071 13709
3072 13712
3073 13716
3074 13719
3075 13722
3076 13725
3077 13728
3078 13731
3079 13734
3080 13737
3081 13741
3082 13744
3083 13747
3084 13750
3085 13753
3086 13756
3087 13759
3088 13762
3089 13766
3090 13769
3091 13772
3092 13775
3093 13778
3094 13781
3095 13784
3096 13787
3097 13791
3098 13794
3099 13797
3100 13800
3101 13803
3102 13806
3103 13809
3104 13812
3105 13816
3106 13819
3107 13822
3108 13825
3109 13828
3110 13831
3111 13834
3112 13837
3113 13841
3114 13844
3115 13847
3116 13850
3117 13853
3118 13856
3119 13859
3120 13862
3121 13865
3122 13869
3123 13872
3124 13875
3125 13878
3126 13881
3127 13884
3128 13887
3129 13891
3130 13894
3131 13897
3132 13900
3133 13903
3134 13906
3135 13909
3136 13912
3137 13915
3138 13919
3139 13922
3140 13925
3141 13928
3142 13931
3143 13934
3144 13937
3145 13941
3146 13944
3147 13947
3148 13950
3149 13953
3150 13956
3151 13959
3152 13962
3153 13966
3154 13969
3155 13972
3156 13975
3157 13978
3158 13981
3159 13984
3160 13987
3161 13991
3162 13994
3163 13997
3164 14000
3165 14003
3166 14006
3167 14009
3168 14012
3169 14015
3170 14019
3171 14022
3172 14025
3173 14028
3174 14031
3175 14034
3176 14037
3177 14041
3178 14044
3179 14047
3180 14050
3181 14053
3182 14056
3183 14059
3184 14062
3185 14065
3186 14069
3187 14072
3188 14075
3189 14078
3190 14081
3191 14084
3192 14087
3193 14091
3194 14094
3195 14097
3196 14100
3197 14103
3198 14106
3199 14109
