0 0
1 2
2 3
3 5
4 8
5 11
6 14
7 17
8 19
9 22
10 25
11 28
12 31
13 34
14 36
15 38
16 40
17 42
18 44
19 47
20 49
21 52
22 55
23 58
24 61
25 65
26 68
27 71
28 73
29 75
30 77
31 79
32 80
33 82
34 86
35 90
36 94
37 98
38 103
39 109
40 116
41 121
42 126
43 129
44 133
45 136
46 138
47 140
48 142
49 145
50 148
51 151
52 154
53 157
54 160
55 163
56 166
57 169
58 171
59 173
60 176
61 179
62 182
63 184
64 187
65 192
66 197
67 202
68 206
69 210
70 215
71 222
72 227
73 232
74 236
75 240
76 243
77 246
78 249
79 252
80 256
81 260
82 264
83 268
84 272
85 276
86 280
87 282
88 284
89 289
90 295
91 300
92 305
93 309
94 312
95 316
96 320
97 323
98 326
99 330
100 335
101 339
102 342
103 345
104 348
105 352
106 356
107 360
108 365
109 371
110 376
111 381
112 388
113 392
114 394
115 396
116 398
117 401
118 407
119 412
120 418
121 424
122 430
123 434
124 438
125 442
126 447
127 451
128 455
129 459
130 463
131 467
132 471
133 474
134 476
135 478
136 480
137 482
138 483
139 484
140 487
141 492
142 495
143 498
144 501
145 504
146 508
147 510
148 511
149 512
150 513
151 514
152 515
153 516
154 517
155 518
156 519
157 526
158 536
159 571
160 578
161 583
162 587
163 591
164 594
165 597
166 601
167 604
168 607
169 608
170 610
171 612
172 615
173 618
174 622
175 625
176 628
177 631
178 634
179 637
180 640
181 642
182 645
183 648
184 652
185 654
186 656
187 658
188 660
189 663
190 665
191 668
192 671
193 673
194 675
195 677
196 680
197 682
198 684
199 686
200 688
201 690
202 692
203 695
204 698
205 701
206 704
207 706
208 707
209 708
210 709
211 710
212 711
213 712
214 713
215 715
216 716
217 717
218 718
219 720
220 726
221 731
222 738
223 744
224 749
225 754
226 759
227 764
228 767
229 769
230 771
231 773
232 776
233 779
234 783
235 786
236 788
237 790
238 792
239 795
240 797
241 799
242 801
243 804
244 808
245 812
246 815
247 819
248 823
249 826
250 828
251 831
252 833
253 836
254 840
255 845
256 850
257 854
258 858
259 860
260 862
261 864
262 866
263 867
264 868
265 870
266 873
267 877
268 881
269 885
270 889
271 893
272 896
273 898
274 900
275 902
276 904
277 906
278 908
279 909
280 911
281 915
282 919
283 923
284 926
285 929
286 932
287 934
288 938
289 942
290 947
291 952
292 956
293 960
294 963
295 966
296 970
297 974
298 979
299 982
300 985
301 987
302 988
303 989
304 990
305 991
306 993
307 996
308 998
309 1001
310 1003
311 1005
312 1008
313 1012
314 1016
315 1018
316 1020
317 1022
318 1024
319 1027
320 1029
321 1033
322 1036
323 1039
324 1041
325 1043
326 1046
327 1049
328 1052
329 1054
330 1056
331 1057
332 1058
333 1059
334 1060
335 1061
336 1062
337 1063
338 1064
339 1066
340 1068
341 1070
342 1071
343 1073
344 1075
345 1077
346 1079
347 1081
348 1083
349 1085
350 1087
351 1089
352 1090
353 1092
354 1094
355 1096
356 1099
357 1102
358 1105
359 1108
360 1113
361 1119
362 1125
363 1130
364 1134
365 1137
366 1140
367 1143
368 1147
369 1151
370 1155
371 1159
372 1163
373 1166
374 1169
375 1172
376 1175
377 1178
378 1181
379 1185
380 1188
381 1191
382 1193
383 1195
384 1196
385 1198
386 1202
387 1206
388 1211
389 1217
390 1224
391 1230
392 1234
393 1238
394 1240
395 1243
396 1248
397 1254
398 1260
399 1267
400 1272
401 1276
402 1280
403 1284
404 1288
405 1292
406 1297
407 1301
408 1306
409 1309
410 1313
411 1317
412 1321
413 1323
414 1325
415 1328
416 1332
417 1335
418 1338
419 1340
420 1345
421 1350
422 1354
423 1358
424 1361
425 1363
426 1367
427 1372
428 1378
429 1386
430 1398
431 1405
432 1410
433 1413
434 1417
435 1420
436 1423
437 1426
438 1429
439 1432
440 1435
441 1438
442 1441
443 1444
444 1447
445 1449
446 1451
447 1454
448 1457
449 1459
450 1461
451 1463
452 1466
453 1469
454 1472
455 1474
456 1476
457 1478
458 1481
459 1484
460 1487
461 1489
462 1491
463 1493
464 1495
465 1498
466 1500
467 1502
468 1504
469 1506
470 1509
471 1511
472 1514
473 1516
474 1519
475 1522
476 1525
477 1528
478 1530
479 1532
480 1534
481 1536
482 1538
483 1540
484 1543
485 1547
486 1551
487 1556
488 1562
489 1568
490 1572
491 1576
492 1579
493 1582
494 1613
495 1625
496 1628
497 1633
498 1636
499 1639
500 1641
501 1644
502 1647
503 1651
504 1654
505 1656
506 1658
507 1660
508 1663
509 1666
510 1668
511 1670
512 1673
513 1677
514 1681
515 1684
516 1686
517 1688
518 1690
519 1692
520 1694
521 1696
522 1698
523 1700
524 1704
525 1709
526 1714
527 1718
528 1721
529 1724
530 1727
531 1729
532 1731
533 1733
534 1735
535 1740
536 1744
537 1747
538 1750
539 1752
540 1755
541 1758
542 1761
543 1763
544 1765
545 1767
546 1770
547 1774
548 1778
549 1783
550 1789
551 1795
552 1799
553 1802
554 1805
555 1811
556 1816
557 1819
558 1821
559 1823
560 1825
561 1827
562 1829
563 1831
564 1833
565 1835
566 1837
567 1841
568 1844
569 1847
570 1850
571 1852
572 1856
573 1860
574 1864
575 1868
576 1871
577 1875
578 1879
579 1883
580 1885
581 1887
582 1889
583 1891
584 1894
585 1898
586 1902
587 1905
588 1908
589 1912
590 1914
591 1916
592 1918
593 1920
594 1924
595 1930
596 1941
597 1950
598 1957
599 1961
600 1966
601 1970
602 1974
603 1977
604 1980
605 1983
606 1986
607 1988
608 1990
609 1992
610 1994
611 1997
612 2001
613 2005
614 2008
615 2010
616 2012
617 2014
618 2016
619 2019
620 2022
621 2025
622 2028
623 2030
624 2032
625 2034
626 2036
627 2038
628 2042
629 2046
630 2048
631 2051
632 2054
633 2057
634 2061
635 2064
636 2067
637 2071
638 2074
639 2077
640 2079
641 2081
642 2083
643 2086
644 2089
645 2092
646 2094
647 2097
648 2100
649 2104
650 2108
651 2113
652 2117
653 2121
654 2124
655 2127
656 2131
657 2134
658 2136
659 2139
660 2142
661 2146
662 2150
663 2153
664 2157
665 2161
666 2165
667 2168
668 2171
669 2175
670 2178
671 2180
672 2183
673 2185
674 2187
675 2189
676 2191
677 2193
678 2196
679 2199
680 2202
681 2205
682 2209
683 2212
684 2215
685 2217
686 2219
687 2220
688 2221
689 2222
690 2223
691 2224
692 2225
693 2226
694 2227
695 2228
696 2229
697 2230
698 2231
699 2238
700 2247
701 2258
702 2266
703 2271
704 2274
705 2277
706 2280
707 2282
708 2284
709 2286
710 2288
711 2290
712 2293
713 2296
714 2298
715 2300
716 2303
717 2305
718 2307
719 2310
720 2312
721 2314
722 2316
723 2318
724 2321
725 2325
726 2328
727 2331
728 2334
729 2337
730 2341
731 2345
732 2348
733 2351
734 2354
735 2357
736 2360
737 2362
738 2365
739 2367
740 2370
741 2373
742 2375
743 2377
744 2379
745 2382
746 2384
747 2386
748 2387
749 2389
750 2391
751 2392
752 2393
753 2396
754 2399
755 2401
756 2404
757 2406
758 2408
759 2410
760 2412
761 2415
762 2420
763 2427
764 2434
765 2439
766 2444
767 2459
768 2465
769 2470
770 2475
771 2478
772 2481
773 2482
774 2484
775 2485
776 2487
777 2490
778 2493
779 2496
780 2499
781 2503
782 2506
783 2509
784 2512
785 2515
786 2519
787 2522
788 2525
789 2528
790 2531
791 2534
792 2538
793 2542
794 2546
795 2549
796 2552
797 2554
798 2557
799 2559
800 2563
801 2567
802 2571
803 2574
804 2578
805 2582
806 2585
807 2587
808 2588
809 2589
810 2590
811 2591
812 2594
813 2600
814 2605
815 2610
816 2615
817 2620
818 2624
819 2627
820 2630
821 2634
822 2637
823 2640
824 2643
825 2646
826 2649
827 2652
828 2656
829 2660
830 2663
831 2666
832 2670
833 2675
834 2680
835 2686
836 2691
837 2696
838 2701
839 2705
840 2710
841 2715
842 2719
843 2723
844 2727
845 2731
846 2735
847 2738
848 2740
849 2743
850 2746
851 2748
852 2751
853 2754
854 2757
855 2759
856 2761
857 2764
858 2768
859 2772
860 2777
861 2781
862 2784
863 2787
864 2789
865 2792
866 2795
867 2798
868 2802
869 2806
870 2809
871 2812
872 2815
873 2819
874 2824
875 2828
876 2831
877 2834
878 2838
879 2841
880 2844
881 2849
882 2856
883 2863
884 2870
885 2875
886 2878
887 2882
888 2885
889 2888
890 2892
891 2895
892 2898
893 2902
894 2906
895 2909
896 2912
897 2915
898 2919
899 2922
900 2925
901 2927
902 2929
903 2932
904 2935
905 2939
906 2943
907 2947
908 2951
909 2955
910 2958
911 2961
912 2963
913 2965
914 2968
915 2972
916 2977
917 2981
918 2985
919 2989
920 2992
923 1501
924 1503
925 1505
926 1508
927 1510
928 1513
943 1555
944 1560
945 1564
946 1569
947 1573
951 1584
952 1586
953 1589
954 1592
955 1595
956 1598
957 1601
958 1605
959 1608
960 1612
961 1615
962 1617
963 1619
964 1622
966 1627
967 1630
969 1635
970 1638
986 1683
995 1705
996 1710
997 1715
998 1719
999 1723
1000 1726
1001 1728
1021 1796
1022 1800
1023 1804
1024 1808
1025 1814
1026 1818
1027 1820
1028 1822
1029 1824
1030 1826
1031 1828
1032 1830
1033 1832
1034 1834
1035 1836
1036 1839
1037 1843
1038 1846
1039 1849
1040 1851
1041 1853
1042 1857
1043 1861
1044 1865
1045 1869
1046 1872
1052 1888
1060 1976
1061 1979
1062 1982
1063 1985
1066 1993
1067 1996
1068 2000
1069 2004
1070 2007
1071 2009
1072 2011
1074 2013
1075 2015
1076 2017
1078 2021
1081 2031
1082 2033
1083 2035
1084 2037
1085 2040
1086 2044
1087 2047
1088 2049
1089 2052
1090 2055
1091 2059
1092 2062
1093 2065
1094 2068
1098 2080
1099 2082
1100 2085
1101 2088
1102 2091
1103 2093
1106 2101
1109 2118
1111 2129
1112 2132
1113 2135
1114 2138
1115 2141
1116 2145
1117 2149
1123 2170
1124 2174
1125 2176
1126 2179
1127 2182
1128 2184
1129 2186
1130 2188
1131 2190
1132 2192
1133 2195
1134 2198
1135 2200
1136 2203
1137 2207
1138 2210
1139 2213
1140 2216
1141 2218
1155 2239
1156 2249
1157 2260
1158 2267
1163 2302
1165 2308
1166 2311
1167 2313
1168 2315
1169 2317
1170 2319
1171 2335
1172 2339
1173 2343
1174 2346
1175 2349
1176 2352
1177 2355
1178 2358
1182 2418
1183 2422
1184 2425
1185 2428
1186 2432
1187 2436
1188 2441
1189 2445
1190 2448
1191 2450
1192 2451
1193 2453
1194 2458
1195 2463
1196 2468
1198 2491
1199 2494
1200 2497
1201 2500
1202 2504
1203 2507
1204 2510
1205 2513
1206 2533
1207 2536
1208 2540
1209 2544
1210 2548
1211 2551
1212 2553
1213 2556
1216 2566
1217 2570
1218 2573
1219 2577
1227 2593
1228 2596
1229 2602
1230 2607
1231 2612
1232 2617
1233 2622
1234 2626
1235 2629
1236 2633
1237 2636
1238 2639
1239 2642
1240 2645
1241 2648
1248 2676
1249 2682
1250 2688
1251 2694
1252 2700
1253 2704
1254 2708
1255 2713
1256 2717
1257 2720
1285 2808
1286 2811
1287 2814
1288 2818
1289 2823
1290 2827
1293 2837
1294 2840
1295 2843
1296 2848
1297 2855
1298 2862
1299 2869
1300 2874
1310 2910
1311 2913
1312 2916
1313 2920
1314 2924
1315 2926
1316 2928
1317 2930
1318 2933
1319 2937
1320 2941
1321 2945
1322 2949
1323 2953
1324 2957
1325 2960
1326 2962
1332 2984
1333 2988
1334 2991
1335 2994
1336 2998
1337 3002
1338 3006
1339 3009
1340 3013
1341 3017
1342 3020
1343 3022
1344 3025
1345 3028
1346 3031
1347 3034
1348 3037
1349 3040
1350 3044
1351 3047
1352 3049
1353 3050
1354 3052
1355 3055
1356 3058
1357 3062
1358 3066
1359 3068
1360 3070
1361 3072
1362 3074
1363 3076
1364 3079
1365 3083
1366 3087
1367 3091
1368 3096
1369 3103
1370 3109
1371 3114
1372 3118
1373 3122
1374 3126
1375 3129
1376 3134
1377 3139
1378 3143
1379 3146
1380 3149
1381 3153
1382 3155
1383 3157
1384 3159
1385 3163
1386 3166
1387 3169
1388 3171
1389 3173
1390 3175
1391 3179
1392 3182
1393 3185
1394 3188
1395 3190
1396 3193
1397 3196
1398 3199
1399 3201
1400 3204
1401 3206
1402 3209
1403 3212
1404 3215
1405 3218
1406 3220
1407 3222
1408 3224
1409 3226
1410 3230
1411 3234
1412 3237
1413 3240
1414 3243
1415 3247
1416 3250
1417 3253
1418 3255
1419 3259
1420 3265
1421 3272
1422 3280
1423 3286
1424 3290
1425 3293
1426 3296
1427 3299
1428 3302
1429 3306
1430 3309
1431 3311
1432 3314
1433 3316
1434 3319
1435 3321
1436 3323
1437 3326
1438 3328
1439 3330
1440 3332
1441 3334
1442 3335
1443 3336
1444 3337
1445 3339
1446 3342
1447 3345
1448 3348
1449 3350
1450 3352
1451 3354
1452 3356
1453 3360
1454 3366
1455 3375
1456 3384
1457 3391
1458 3397
1459 3401
1460 3402
1461 3403
1462 3405
1463 3408
1464 3415
1465 3420
1466 3424
1467 3429
1468 3432
1469 3435
1470 3438
1471 3441
1472 3445
1473 3450
1474 3454
1475 3459
1476 3463
1477 3466
1478 3469
1479 3473
1480 3476
1481 3478
1482 3480
1483 3481
1484 3482
1485 3483
1486 3487
1487 3490
1488 3492
1489 3494
1490 3496
1491 3498
1492 3500
1493 3503
1494 3504
1495 3505
1496 3506
1497 3507
1498 3508
1499 3509
1500 3511
1501 3517
1502 3525
1503 3534
1504 3540
1505 3546
1506 3551
1507 3555
1508 3558
1509 3561
1510 3564
1511 3566
1512 3567
1513 3569
1514 3572
1515 3575
1516 3578
1517 3581
1518 3584
1519 3587
1520 3589
1521 3591
1522 3593
1523 3595
1524 3597
1525 3599
1526 3602
1527 3605
1528 3607
1529 3609
1530 3611
1531 3614
1532 3616
1533 3618
1534 3620
1535 3622
1536 3624
1537 3626
1538 3628
1539 3630
1540 3631
1541 3633
1542 3634
1543 3636
1544 3638
1545 3641
1546 3643
1547 3646
1548 3648
1549 3650
1550 3652
1551 3653
1552 3654
1553 3655
1554 3656
1555 3657
1556 3658
1557 3660
1558 3665
1559 3670
1560 3676
1561 3682
1562 3688
1563 3692
1564 3698
1565 3703
1566 3706
1567 3708
1568 3709
1569 3710
1570 3712
1571 3715
1572 3718
1573 3722
1574 3724
1575 3726
1576 3728
1577 3730
1578 3732
1579 3734
1580 3736
1581 3738
1582 3741
1583 3744
1584 3747
1585 3750
1586 3753
1587 3756
1588 3758
1589 3760
1590 3762
1591 3764
1592 3768
1593 3772
1594 3777
1595 3780
1596 3782
1597 3784
1598 3785
1599 3786
1600 3787
1601 3788
1602 3790
1603 3793
1604 3796
1605 3799
1606 3802
1607 3805
1608 3808
1609 3810
1610 3812
1611 3814
1612 3816
1613 3818
1614 3820
1615 3821
1616 3822
1617 3824
1618 3827
1619 3830
1620 3833
1621 3835
1622 3837
1623 3839
1624 3841
1625 3844
1626 3847
1627 3849
1628 3851
1629 3852
1630 3853
1631 3856
1632 3860
1633 3863
1634 3865
1635 3867
1636 3870
1637 3873
1638 3876
1639 3879
1640 3881
1641 3883
1642 3885
1643 3887
1644 3889
1645 3891
1646 3894
1647 3899
1648 3904
1649 3908
1650 3911
1651 3914
1652 3918
1653 3921
1654 3923
1655 3925
1656 3926
1657 3927
1658 3928
1659 3930
1660 3935
1661 3943
1662 3954
1663 3961
1664 3967
1665 3971
1666 3974
1667 3977
1668 3979
1669 3981
1670 3984
1671 3987
1672 3991
1673 3994
1674 3996
1675 3999
1676 4001
1677 4003
1678 4006
1679 4008
1680 4010
1681 4012
1682 4015
1683 4017
1684 4019
1685 4022
1686 4024
1687 4026
1688 4028
1689 4030
1690 4032
1691 4034
1692 4036
1693 4038
1694 4041
1695 4044
1696 4046
1697 4048
1698 4050
1699 4053
1700 4054
1701 4056
1702 4058
1703 4060
1704 4063
1705 4065
1706 4067
1707 4069
1708 4070
1709 4072
1710 4074
1711 4075
1712 4076
1713 4078
1714 4080
1715 4082
1716 4084
1717 4086
1718 4088
1719 4090
1720 4092
1721 4093
1722 4094
1723 4096
1724 4098
1725 4100
1726 4102
1727 4104
1728 4106
1729 4108
1730 4110
1731 4112
1732 4114
1733 4116
1734 4118
1735 4119
1736 4121
1737 4122
1738 4123
1739 4125
1740 4127
1741 4129
1742 4131
1743 4133
1744 4135
1745 4137
1746 4139
1747 4141
1748 4143
1749 4145
1750 4147
1751 4149
1752 4151
1753 4152
1754 4154
1755 4155
1756 4156
1757 4157
1758 4158
1759 4159
1760 4161
1761 4163
1762 4165
1763 4168
1764 4170
1765 4172
1766 4174
1767 4176
1768 4178
1769 4180
1770 4183
1771 4186
1772 4188
1773 4190
1774 4192
1775 4194
1776 4196
1777 4197
1778 4198
1779 4200
1780 4201
1781 4203
1782 4205
1783 4208
1784 4210
1785 4212
1786 4214
1787 4216
1788 4218
1789 4220
1790 4221
1791 4222
1792 4224
1793 4227
1794 4230
1795 4233
1796 4235
1797 4238
1798 4240
1799 4242
1800 4244
1801 4246
1802 4248
1803 4250
1804 4252
1805 4254
1806 4256
1807 4258
1808 4260
1809 4262
1810 4264
1811 4266
1812 4267
1813 4269
1814 4271
1815 4272
1816 4273
1817 4275
1818 4277
1819 4279
1820 4281
1821 4283
1822 4285
1823 4287
1824 4289
1825 4291
1826 4293
1827 4295
1828 4297
1829 4300
1830 4302
1831 4304
1832 4306
1833 4308
1834 4310
1835 4312
1836 4314
1837 4316
1838 4318
1839 4321
1840 4323
1841 4325
1842 4327
1843 4329
1844 4331
1845 4333
1846 4335
1847 4338
1848 4341
1849 4343
1850 4346
1851 4349
1852 4351
1853 4353
1854 4355
1855 4357
1856 4360
1857 4363
1858 4367
1859 4370
1860 4373
1861 4376
1862 4378
1863 4380
1864 4382
1865 4385
1866 4388
1867 4390
1868 4393
1869 4395
1870 4398
1871 4401
1872 4404
1873 4409
1874 4414
1875 4423
1876 4431
1877 4437
1878 4442
1879 4446
1880 4449
1881 4452
1882 4454
1883 4457
1884 4461
1885 4464
1886 4467
1887 4469
1888 4471
1889 4474
1890 4477
1891 4480
1892 4482
1893 4484
1894 4486
1895 4488
1896 4490
1897 4493
1898 4496
1899 4499
1900 4502
1901 4505
1902 4508
1903 4511
1904 4513
1905 4515
1906 4517
1907 4519
1908 4520
1909 4521
1910 4524
1911 4527
1912 4531
1913 4534
1914 4536
