0 13248
1 13252
2 13255
3 13258
4 13261
5 13264
6 13267
7 13270
8 13273
9 13277
10 13280
11 13283
12 13286
13 13289
14 13292
15 13295
16 13298
17 13302
18 13305
19 13308
20 13311
21 13314
22 13317
23 13320
24 13323
25 13327
26 13330
27 13333
28 13336
29 13339
30 13342
31 13345
32 13348
33 13352
34 13355
35 13358
36 13361
37 13364
38 13367
39 13370
40 13373
41 13377
42 13380
43 13383
44 13386
45 13389
46 13392
47 13395
48 13398
49 13402
50 13405
51 13408
52 13411
53 13414
54 13417
55 13420
56 13423
57 13427
58 13430
59 13433
60 13436
61 13439
62 13442
63 13445
64 13448
65 13451
66 13455
67 13458
68 13461
69 13464
70 13467
71 13470
72 13473
73 13477
74 13480
75 13483
76 13486
77 13489
78 13492
79 13495
80 13498
81 13502
82 13505
83 13508
84 13511
85 13514
86 13517
87 13520
88 13523
89 13527
90 13530
91 13533
92 13536
93 13539
94 13542
95 13545
96 13548
97 13551
98 13555
99 13558
100 13561
101 13564
102 13567
103 13570
104 13573
105 13576
106 13580
107 13583
108 13586
109 13589
110 13592
111 13595
112 13598
113 13601
114 13605
115 13608
116 13611
117 13614
118 13617
119 13620
120 13623
121 13626
122 13630
123 13633
124 13636
125 13639
126 13642
127 13645
128 13648
129 13651
130 13655
131 13658
132 13661
133 13664
134 13667
135 13670
136 13673
137 13676
138 13680
139 13683
140 13686
141 13689
142 13692
143 13695
144 13698
145 13701
146 13705
147 13708
148 13711
149 13714
150 13717
151 13720
152 13723
153 13726
154 13730
155 13733
156 13736
157 13739
158 13742
159 13745
160 13748
161 13751
162 13755
163 13758
164 13761
165 13764
166 13767
167 13770
168 13773
169 13776
170 13780
171 13783
172 13786
173 13789
174 13792
175 13795
176 13798
177 13801
178 13805
179 13808
180 13811
181 13814
182 13817
183 13820
184 13823
185 13826
186 13830
187 13833
188 13836
189 13839
190 13842
191 13845
192 13848
193 13851
194 13855
195 13858
196 13861
197 13864
198 13867
199 13870
200 13873
201 13876
202 13880
203 13883
204 13886
205 13889
206 13892
207 13895
208 13898
209 13901
210 13905
211 13908
212 13911
213 13914
214 13917
215 13920
216 13923
217 13926
218 13930
219 13933
220 13936
221 13939
222 13942
223 13945
224 13948
225 13951
226 13955
227 13958
228 13961
229 13964
230 13967
231 13970
232 13973
233 13976
234 13980
235 13983
236 13986
237 13989
238 13992
239 13995
240 13998
241 14001
242 14005
243 14008
244 14011
245 14014
246 14017
247 14020
248 14023
249 14026
250 14030
251 14033
252 14036
253 14039
254 14042
255 14045
256 14048
257 14051
258 14055
259 14058
260 14061
261 14064
262 14067
263 14070
264 14073
265 14076
266 14080
267 14083
268 14086
269 14089
270 14092
271 14095
272 14098
273 14101
274 14105
275 14108
276 14111
277 14114
278 14117
279 14120
280 14123
281 14126
282 14130
283 14133
284 14136
285 14139
286 14142
287 14145
288 14148
289 14151
290 14155
291 14158
292 14161
293 14164
294 14167
295 14170
296 14173
297 14176
298 14180
299 14183
300 14186
301 14189
302 14192
303 14195
304 14198
305 14201
306 14205
307 14208
308 14211
309 14214
310 14217
311 14220
312 14223
313 14226
314 14230
315 14233
316 14236
317 14239
318 14242
319 14245
320 14248
321 14251
322 14255
323 14258
324 14261
325 14264
326 14267
327 14270
328 14273
329 14276
330 14280
331 14283
332 14286
333 14289
334 14292
335 14295
336 14298
337 14301
338 14305
339 14308
340 14311
341 14314
342 14317
343 14320
344 14323
345 14326
346 14330
347 14333
348 14336
349 14339
350 14342
351 14345
352 14348
353 14351
354 14355
355 14358
356 14361
357 14364
358 14367
359 14370
360 14373
361 14376
362 14380
363 14383
364 14386
365 14389
366 14392
367 14395
368 14398
369 14401
370 14405
371 14408
372 14411
373 14414
374 14417
375 14420
376 14423
377 14426
378 14429
379 14433
380 14436
381 14439
382 14442
383 14445
384 14448
385 14451
386 14454
387 14458
388 14461
389 14464
390 14467
391 14470
392 14473
393 14476
394 14479
395 14483
396 14486
397 14489
398 14492
399 14495
400 14498
401 14501
402 14504
403 14508
404 14511
405 14514
406 14517
407 14520
408 14523
409 14526
410 14529
411 14533
412 14536
413 14539
414 14542
415 14545
416 14548
417 14551
418 14554
419 14558
420 14561
421 14564
422 14567
423 14570
424 14573
425 14576
426 14579
427 14583
428 14586
429 14589
430 14592
431 14595
432 14598
433 14601
434 14604
435 14608
436 14611
437 14614
438 14617
439 14620
440 14623
441 14626
442 14629
443 14633
444 14636
445 14639
446 14642
447 14645
448 14648
449 14651
450 14654
451 14658
452 14661
453 14664
454 14667
455 14670
456 14673
457 14676
458 14679
459 14683
460 14686
461 14689
462 14692
463 14695
464 14698
465 14701
466 14704
467 14708
468 14711
469 14714
470 14717
471 14720
472 14723
473 14726
474 14729
475 14733
476 14736
477 14739
478 14742
479 14745
480 14748
481 14751
482 14754
483 14758
484 14761
485 14764
486 14767
487 14770
488 14773
489 14776
490 14779
491 14783
492 14786
493 14789
494 14792
495 14795
496 14798
497 14801
498 14804
499 14808
500 14811
501 14814
502 14817
503 14820
504 14823
505 14826
506 14829
507 14833
508 14836
509 14839
510 14842
511 14845
512 14848
513 14851
514 14854
515 14858
516 14861
517 14864
518 14867
519 14870
520 14873
521 14876
522 14879
523 14883
524 14886
525 14889
526 14892
527 14895
528 14898
529 14901
530 14904
531 14908
532 14911
533 14914
534 14917
535 14920
536 14923
537 14926
538 14929
539 14933
540 14936
541 14939
542 14942
543 14945
544 14948
545 14951
546 14954
547 14958
548 14961
549 14964
550 14967
551 14970
552 14973
553 14976
554 14979
555 14983
556 14986
557 14989
558 14992
559 14995
560 14998
561 15001
562 15004
563 15008
564 15011
565 15014
566 15017
567 15020
568 15023
569 15026
570 15029
571 15033
572 15036
573 15039
574 15042
575 15045
576 15048
577 15051
578 15054
579 15058
580 15061
581 15064
582 15067
583 15070
584 15073
585 15076
586 15079
587 15083
588 15086
589 15089
590 15092
591 15095
592 15098
593 15101
594 15104
595 15108
596 15111
597 15114
598 15117
599 15120
600 15123
601 15126
602 15129
603 15133
604 15136
605 15139
606 15142
607 15145
608 15148
609 15151
610 15154
611 15158
612 15161
613 15164
614 15167
615 15170
616 15173
617 15176
618 15179
619 15183
620 15186
621 15189
622 15192
623 15195
624 15198
625 15201
626 15204
627 15208
628 15211
629 15214
630 15217
631 15220
632 15223
633 15226
634 15229
635 15233
636 15236
637 15239
638 15242
639 15245
640 15248
641 15251
642 15254
643 15258
644 15261
645 15264
646 15267
647 15270
648 15273
649 15276
650 15279
651 15283
652 15286
653 15289
654 15292
655 15295
656 15298
657 15301
658 15304
659 15308
660 15311
661 15314
662 15317
663 15320
664 15323
665 15326
666 15329
667 15333
668 15336
669 15339
670 15342
671 15345
672 15348
673 15351
674 15354
675 15357
676 15361
677 15364
678 15367
679 15370
680 15373
681 15376
682 15379
683 15382
684 15386
685 15389
686 15392
687 15395
688 15398
689 15401
690 15404
691 15407
692 15411
693 15414
694 15417
695 15420
696 15423
697 15426
698 15429
699 15432
700 15436
701 15439
702 15442
703 15445
704 15448
705 15451
706 15454
707 15457
708 15461
709 15464
710 15467
711 15470
712 15473
713 15476
714 15479
715 15482
716 15486
717 15489
718 15492
719 15495
720 15498
721 15501
722 15504
723 15507
724 15511
725 15514
726 15517
727 15520
728 15523
729 15526
730 15529
731 15532
732 15536
733 15539
734 15542
735 15545
736 15548
737 15551
738 15554
739 15557
740 15561
741 15564
742 15567
743 15570
744 15573
745 15576
746 15579
747 15582
748 15586
749 15589
750 15592
751 15595
752 15598
753 15601
754 15604
755 15607
756 15611
757 15614
758 15617
759 15620
760 15623
761 15626
762 15629
763 15632
764 15636
765 15639
766 15642
767 15645
768 15648
769 15651
770 15654
771 15657
772 15661
773 15664
774 15667
775 15670
776 15673
777 15676
778 15679
779 15682
780 15686
781 15689
782 15692
783 15695
784 15698
785 15701
786 15704
787 15707
788 15711
789 15714
790 15717
791 15720
792 15723
793 15726
794 15729
795 15732
796 15736
797 15739
798 15742
799 15745
800 15748
801 15751
802 15754
803 15757
804 15761
805 15764
806 15767
807 15770
808 15773
809 15776
810 15779
811 15782
812 15786
813 15789
814 15792
815 15795
816 15798
817 15801
818 15804
819 15807
820 15811
821 15814
822 15817
823 15820
824 15823
825 15826
826 15829
827 15832
828 15836
829 15839
830 15842
831 15845
832 15848
833 15851
834 15854
835 15857
836 15861
837 15864
838 15867
839 15870
840 15873
841 15876
842 15879
843 15882
844 15886
845 15889
846 15892
847 15895
848 15898
849 15901
850 15904
851 15907
852 15911
853 15914
854 15917
855 15920
856 15923
857 15926
858 15929
859 15932
860 15936
861 15939
862 15942
863 15945
864 15948
865 15951
866 15954
867 15957
868 15961
869 15964
870 15967
871 15970
872 15973
873 15976
874 15979
875 15982
876 15986
877 15989
878 15992
879 15995
880 15998
881 16001
882 16004
883 16007
884 16011
885 16014
886 16017
887 16020
888 16023
889 16026
890 16029
891 16032
892 16036
893 16039
894 16042
895 16045
896 16048
897 16051
898 16054
899 16057
900 16061
901 16064
902 16067
903 16070
904 16073
905 16076
906 16079
907 16082
908 16086
909 16089
910 16092
911 16095
912 16098
913 16101
914 16104
915 16107
916 16111
917 16114
918 16117
919 16120
920 16123
921 16126
922 16129
923 16132
924 16136
925 16139
926 16142
927 16145
928 16148
929 16151
930 16154
931 16157
932 16161
933 16164
934 16167
935 16170
936 16173
937 16176
938 16179
939 16182
940 16186
941 16189
942 16192
943 16195
944 16198
945 16201
946 16204
947 16207
948 16211
949 16214
950 16217
951 16220
952 16223
953 16226
954 16229
955 16232
956 16236
957 16239
958 16242
959 16245
960 16248
961 16251
962 16254
963 16257
964 16260
965 16264
966 16267
967 16270
968 16273
969 16276
970 16279
971 16282
972 16285
973 16289
974 16292
975 16295
976 16298
977 16301
978 16304
979 16307
980 16311
981 16314
982 16317
983 16320
984 16323
985 16326
986 16329
987 16332
988 16335
989 16339
990 16342
991 16345
992 16348
993 16351
994 16354
995 16357
996 16360
997 16364
998 16367
999 16370
1000 16373
1001 16376
1002 16379
1003 16382
1004 16385
1005 16389
1006 16392
1007 16395
1008 16398
1009 16401
1010 16404
1011 16407
1012 16410
1013 16414
1014 16417
1015 16420
1016 16423
1017 16426
1018 16429
1019 16432
1020 16435
1021 16439
1022 16442
1023 16445
1024 16448
1025 16451
1026 16454
1027 16457
1028 16460
1029 16464
1030 16467
1031 16470
1032 16473
1033 16476
1034 16479
1035 16482
1036 16485
1037 16489
1038 16492
1039 16495
1040 16498
1041 16501
1042 16504
1043 16507
1044 16510
1045 16514
1046 16517
1047 16520
1048 16523
1049 16526
1050 16529
1051 16532
1052 16535
1053 16539
1054 16542
1055 16545
1056 16548
1057 16551
1058 16554
1059 16557
1060 16560
1061 16564
1062 16567
1063 16570
1064 16573
1065 16576
1066 16579
1067 16582
1068 16585
1069 16589
1070 16592
1071 16595
1072 16598
1073 16601
1074 16604
1075 16607
1076 16610
1077 16614
1078 16617
1079 16620
1080 16623
1081 16626
1082 16629
1083 16632
1084 16635
1085 16639
1086 16642
1087 16645
1088 16648
1089 16651
1090 16654
1091 16657
1092 16660
1093 16664
1094 16667
1095 16670
1096 16673
1097 16676
1098 16679
1099 16682
1100 16685
1101 16689
1102 16692
1103 16695
1104 16698
1105 16701
1106 16704
1107 16707
1108 16710
1109 16714
1110 16717
1111 16720
1112 16723
1113 16726
1114 16729
1115 16732
1116 16735
1117 16739
1118 16742
1119 16745
1120 16748
1121 16751
1122 16754
1123 16757
1124 16760
1125 16764
1126 16767
1127 16770
1128 16773
1129 16776
1130 16779
1131 16782
1132 16785
1133 16789
1134 16792
1135 16795
1136 16798
1137 16801
1138 16804
1139 16807
1140 16810
1141 16814
1142 16817
1143 16820
1144 16823
1145 16826
1146 16829
1147 16832
1148 16835
1149 16839
1150 16842
1151 16845
1152 16848
1153 16851
1154 16854
1155 16857
1156 16860
1157 16864
1158 16867
1159 16870
1160 16873
1161 16876
1162 16879
1163 16882
1164 16885
1165 16889
1166 16892
1167 16895
1168 16898
1169 16901
1170 16904
1171 16907
1172 16910
1173 16914
1174 16917
1175 16920
1176 16923
1177 16926
1178 16929
1179 16932
1180 16935
1181 16939
1182 16942
1183 16945
1184 16948
1185 16951
1186 16954
1187 16957
1188 16960
1189 16964
1190 16967
1191 16970
1192 16973
1193 16976
1194 16979
1195 16982
1196 16985
1197 16989
1198 16992
1199 16995
1200 16998
1201 17001
1202 17004
1203 17007
1204 17010
1205 17014
1206 17017
1207 17020
1208 17023
1209 17026
1210 17029
1211 17032
1212 17035
1213 17039
1214 17042
1215 17045
1216 17048
1217 17051
1218 17054
1219 17057
1220 17060
1221 17064
1222 17067
1223 17070
1224 17073
1225 17076
1226 17079
1227 17082
1228 17085
1229 17089
1230 17092
1231 17095
1232 17098
1233 17101
1234 17104
1235 17107
1236 17110
1237 17114
1238 17117
1239 17120
1240 17123
1241 17126
1242 17129
1243 17132
1244 17135
1245 17139
1246 17142
1247 17145
1248 17148
1249 17151
1250 17154
1251 17157
1252 17160
1253 17163
1254 17167
1255 17170
1256 17173
1257 17176
1258 17179
1259 17182
1260 17185
1261 17188
1262 17192
1263 17195
1264 17198
1265 17201
1266 17204
1267 17207
1268 17210
1269 17213
1270 17217
1271 17220
1272 17223
1273 17226
1274 17229
1275 17232
1276 17235
1277 17238
1278 17242
1279 17245
1280 17248
1281 17251
1282 17254
1283 17257
1284 17260
1285 17263
1286 17267
1287 17270
1288 17273
1289 17276
1290 17279
1291 17282
1292 17285
1293 17288
1294 17292
1295 17295
1296 17298
1297 17301
1298 17304
1299 17307
1300 17310
1301 17313
1302 17317
1303 17320
1304 17323
1305 17326
1306 17329
1307 17332
1308 17335
1309 17338
1310 17342
1311 17345
1312 17348
1313 17351
1314 17354
1315 17357
1316 17360
1317 17363
1318 17367
1319 17370
1320 17373
1321 17376
1322 17379
1323 17382
1324 17385
1325 17388
1326 17392
1327 17395
1328 17398
1329 17401
1330 17404
1331 17407
1332 17410
1333 17413
1334 17417
1335 17420
1336 17423
1337 17426
1338 17429
1339 17432
1340 17435
1341 17438
1342 17442
1343 17445
1344 17448
1345 17451
1346 17454
1347 17457
1348 17460
1349 17463
1350 17467
1351 17470
1352 17473
1353 17476
1354 17479
1355 17482
1356 17485
1357 17488
1358 17492
1359 17495
1360 17498
1361 17501
1362 17504
1363 17507
1364 17510
1365 17513
1366 17517
1367 17520
1368 17523
1369 17526
1370 17529
1371 17532
1372 17535
1373 17538
1374 17542
1375 17545
1376 17548
1377 17551
1378 17554
1379 17557
1380 17560
1381 17563
1382 17567
1383 17570
1384 17573
1385 17576
1386 17579
1387 17582
1388 17585
1389 17588
1390 17592
1391 17595
1392 17598
1393 17601
1394 17604
1395 17607
1396 17610
1397 17613
1398 17617
1399 17620
1400 17623
1401 17626
1402 17629
1403 17632
1404 17635
1405 17638
1406 17642
1407 17645
1408 17648
1409 17651
1410 17654
1411 17657
1412 17660
1413 17663
1414 17667
1415 17670
1416 17673
1417 17676
1418 17679
1419 17682
1420 17685
1421 17688
1422 17692
1423 17695
1424 17698
1425 17701
1426 17704
1427 17707
1428 17710
1429 17713
1430 17717
1431 17720
1432 17723
1433 17726
1434 17729
1435 17732
1436 17735
1437 17738
1438 17742
1439 17745
1440 17748
1441 17751
1442 17754
1443 17757
1444 17760
1445 17763
1446 17767
1447 17770
1448 17773
1449 17776
1450 17779
1451 17782
1452 17785
1453 17788
1454 17792
1455 17795
1456 17798
1457 17801
1458 17804
1459 17807
1460 17810
1461 17813
1462 17817
1463 17820
1464 17823
1465 17826
1466 17829
1467 17832
1468 17835
1469 17838
1470 17842
1471 17845
1472 17848
1473 17851
1474 17854
1475 17857
1476 17860
1477 17863
1478 17867
1479 17870
1480 17873
1481 17876
1482 17879
1483 17882
1484 17885
1485 17888
1486 17892
1487 17895
1488 17898
1489 17901
1490 17904
1491 17907
1492 17910
1493 17913
1494 17917
1495 17920
1496 17923
1497 17926
1498 17929
1499 17932
1500 17935
1501 17938
1502 17942
1503 17945
1504 17948
1505 17951
1506 17954
1507 17957
1508 17960
1509 17963
1510 17967
1511 17970
1512 17973
1513 17976
1514 17979
1515 17982
1516 17985
1517 17988
1518 17992
1519 17995
1520 17998
1521 18001
1522 18004
1523 18007
1524 18010
1525 18013
1526 18017
1527 18020
1528 18023
1529 18026
1530 18029
1531 18032
1532 18035
1533 18038
1534 18042
1535 18045
1536 18048
1537 18051
1538 18054
1539 18057
1540 18060
1541 18063
1542 18067
1543 18070
1544 18073
1545 18076
1546 18079
1547 18082
1548 18085
1549 18088
1550 18092
1551 18095
1552 18098
1553 18101
1554 18104
1555 18107
1556 18110
1557 18113
1558 18117
1559 18120
1560 18123
1561 18126
1562 18129
1563 18132
1564 18135
1565 18138
1566 18141
1567 18145
1568 18148
1569 18151
1570 18154
1571 18157
1572 18160
1573 18163
1574 18166
1575 18170
1576 18173
1577 18176
1578 18179
1579 18182
1580 18185
1581 18188
1582 18191
1583 18195
1584 18198
1585 18201
1586 18204
1587 18207
1588 18210
1589 18213
1590 18216
1591 18220
1592 18223
1593 18226
1594 18229
1595 18232
1596 18235
1597 18238
1598 18241
1599 18245
1600 18248
1601 18251
1602 18254
1603 18257
1604 18260
1605 18263
1606 18266
1607 18270
1608 18273
1609 18276
1610 18279
1611 18282
1612 18285
1613 18288
1614 18291
1615 18295
1616 18298
1617 18301
1618 18304
1619 18307
1620 18310
1621 18313
1622 18316
1623 18320
1624 18323
1625 18326
1626 18329
1627 18332
1628 18335
1629 18338
1630 18341
1631 18345
1632 18348
1633 18351
1634 18354
1635 18357
1636 18360
1637 18363
1638 18366
1639 18370
1640 18373
1641 18376
1642 18379
1643 18382
1644 18385
1645 18388
1646 18391
1647 18395
1648 18398
1649 18401
1650 18404
1651 18407
1652 18410
1653 18413
1654 18416
1655 18420
1656 18423
1657 18426
1658 18429
1659 18432
1660 18435
1661 18438
1662 18441
1663 18445
1664 18448
1665 18451
1666 18454
1667 18457
1668 18460
1669 18463
1670 18466
1671 18470
1672 18473
1673 18476
1674 18479
1675 18482
1676 18485
1677 18488
1678 18491
1679 18495
1680 18498
1681 18501
1682 18504
1683 18507
1684 18510
1685 18513
1686 18516
1687 18520
1688 18523
1689 18526
1690 18529
1691 18532
1692 18535
1693 18538
1694 18541
1695 18545
1696 18548
1697 18551
1698 18554
1699 18557
1700 18560
1701 18563
1702 18566
1703 18570
1704 18573
1705 18576
1706 18579
1707 18582
1708 18585
1709 18588
1710 18591
1711 18595
1712 18598
1713 18601
1714 18604
1715 18607
1716 18610
1717 18613
1718 18616
1719 18620
1720 18623
1721 18626
1722 18629
1723 18632
1724 18635
1725 18638
1726 18641
1727 18645
1728 18648
1729 18651
1730 18654
1731 18657
1732 18660
1733 18663
1734 18666
1735 18670
1736 18673
1737 18676
1738 18679
1739 18682
1740 18685
1741 18688
1742 18691
1743 18695
1744 18698
1745 18701
1746 18704
1747 18707
1748 18710
1749 18713
1750 18716
