0 0
1 2
2 3
3 5
4 8
5 11
6 14
7 17
8 19
9 22
10 25
11 28
12 31
13 34
14 36
15 38
16 40
17 42
18 44
19 47
20 49
21 52
22 55
23 58
24 61
25 65
26 68
27 71
28 73
29 75
30 77
31 79
32 80
33 82
34 87
35 91
36 96
37 101
38 107
39 114
40 120
41 125
42 129
43 133
44 136
45 138
46 140
47 142
48 145
49 149
50 153
51 156
52 160
53 164
54 168
55 171
56 173
57 176
58 180
59 182
60 184
61 187
62 192
63 198
64 202
65 206
66 210
67 215
68 222
69 227
70 232
71 236
72 240
73 243
74 246
75 249
76 252
77 256
78 260
79 264
80 267
81 271
82 275
83 279
84 282
85 284
86 289
87 295
88 301
89 305
90 309
91 312
92 317
93 321
94 324
95 328
96 333
97 337
98 340
99 343
100 346
101 351
102 354
103 358
104 363
105 368
106 374
107 379
108 387
109 392
110 394
111 396
112 398
113 402
114 408
115 413
116 419
117 424
118 429
119 433
120 436
121 439
122 443
123 448
124 452
125 457
126 461
127 465
128 469
129 473
130 476
131 478
132 480
133 481
134 482
135 483
136 484
137 487
138 491
139 494
140 496
141 499
142 502
143 505
144 508
145 510
146 511
147 512
148 513
149 514
150 515
151 516
152 517
153 518
154 520
155 527
156 535
157 570
158 576
159 582
160 587
161 592
162 595
163 598
164 601
165 604
166 607
167 608
168 610
169 612
170 615
171 618
172 622
173 625
174 628
175 631
176 634
177 637
178 640
179 642
180 645
181 648
182 651
183 653
184 655
185 657
186 659
187 661
188 664
189 667
190 669
191 671
192 673
193 675
194 678
195 680
196 682
197 684
198 686
199 687
200 689
201 691
202 693
203 696
204 698
205 702
206 704
207 706
208 707
209 708
210 710
211 711
212 712
213 714
214 715
215 716
216 718
217 724
218 731
219 736
220 741
221 747
222 752
223 757
224 762
225 766
226 768
227 770
228 772
229 775
230 778
231 781
232 784
233 787
234 789
235 791
236 794
237 796
238 798
239 800
240 803
241 807
242 811
243 815
244 819
245 823
246 826
247 828
248 831
249 833
250 836
251 841
252 846
253 852
254 857
255 860
256 862
257 864
258 866
259 867
260 868
261 870
262 873
263 877
264 881
265 885
266 888
267 891
268 894
269 896
270 898
271 900
272 902
273 904
274 907
275 909
276 910
277 913
278 917
279 922
280 925
281 928
282 930
283 933
284 936
285 940
286 945
287 951
288 956
289 961
290 964
291 967
292 971
293 974
294 978
295 981
296 984
297 986
298 987
299 988
300 989
301 990
302 991
303 993
304 996
305 998
306 1000
307 1002
308 1004
309 1006
310 1009
311 1012
312 1016
313 1019
314 1021
315 1023
316 1025
317 1028
318 1030
319 1034
320 1037
321 1040
322 1043
323 1046
324 1049
325 1051
326 1053
327 1055
328 1056
329 1057
330 1058
331 1059
332 1060
333 1061
334 1062
335 1063
336 1064
337 1066
338 1068
339 1070
340 1071
341 1073
342 1075
343 1077
344 1079
345 1081
346 1083
347 1085
348 1088
349 1090
350 1091
351 1093
352 1095
353 1097
354 1099
355 1102
356 1105
357 1110
358 1118
359 1125
360 1131
361 1135
362 1138
363 1141
364 1145
365 1150
366 1155
367 1159
368 1162
369 1165
370 1167
371 1170
372 1173
373 1176
374 1179
375 1182
376 1186
377 1189
378 1191
379 1193
380 1195
381 1196
382 1198
383 1202
384 1206
385 1211
386 1217
387 1223
388 1229
389 1234
390 1238
391 1240
392 1243
393 1247
394 1252
395 1258
396 1265
397 1271
398 1275
399 1279
400 1283
401 1287
402 1291
403 1296
404 1300
405 1304
406 1308
407 1312
408 1316
409 1319
410 1322
411 1324
412 1326
413 1329
414 1333
415 1336
416 1338
417 1340
418 1345
419 1350
420 1354
421 1357
422 1360
423 1362
424 1365
425 1369
426 1375
427 1383
428 1395
429 1405
430 1410
431 1414
432 1419
433 1422
434 1425
435 1429
436 1432
437 1435
438 1438
439 1441
440 1444
441 1447
442 1450
443 1452
444 1455
445 1458
446 1460
447 1462
448 1464
449 1467
450 1470
451 1473
452 1475
453 1477
454 1479
455 1481
456 1484
457 1487
458 1489
459 1491
460 1493
461 1496
462 1499
463 1501
464 1503
465 1505
466 1508
467 1510
468 1513
469 1516
470 1519
471 1522
472 1525
473 1528
474 1530
475 1532
476 1534
477 1536
478 1538
479 1540
480 1543
481 1547
482 1550
483 1554
484 1559
485 1564
486 1569
487 1573
488 1588
489 1594
490 1606
491 1610
492 1614
493 1618
494 1625
495 1633
496 1636
497 1639
498 1641
499 1644
500 1647
501 1651
502 1654
503 1656
504 1658
505 1660
506 1663
507 1666
508 1668
509 1670
510 1673
511 1678
512 1681
513 1684
514 1686
515 1688
516 1690
517 1692
518 1694
519 1696
520 1698
521 1700
522 1705
523 1710
524 1715
525 1719
526 1722
527 1725
528 1727
529 1729
530 1731
531 1733
532 1735
533 1739
534 1744
535 1747
536 1750
537 1752
538 1755
539 1758
540 1761
541 1763
542 1765
543 1767
544 1770
545 1774
546 1778
547 1783
548 1789
549 1796
550 1800
551 1804
552 1808
553 1814
554 1818
555 1820
556 1822
557 1824
558 1825
559 1827
560 1829
561 1831
562 1833
563 1835
564 1837
565 1841
566 1845
567 1848
568 1850
569 1852
570 1855
571 1858
572 1862
573 1865
574 1869
575 1872
576 1876
577 1880
578 1883
579 1885
580 1887
581 1889
582 1891
583 1894
584 1898
585 1902
586 1905
587 1908
588 1912
589 1914
590 1916
591 1918
592 1920
593 1923
594 1929
595 1939
596 1948
597 1954
598 1959
599 1963
600 1967
601 1971
602 1974
603 1977
604 1980
605 1983
606 1986
607 1988
608 1990
609 1993
610 1995
611 1999
612 2003
613 2006
614 2008
615 2010
616 2012
617 2014
618 2016
619 2020
620 2023
621 2026
622 2029
623 2031
624 2033
625 2035
626 2037
627 2040
628 2044
629 2047
630 2049
631 2052
632 2055
633 2058
634 2061
635 2064
636 2067
637 2070
638 2073
639 2075
640 2078
641 2080
642 2082
643 2085
644 2088
645 2092
646 2094
647 2097
648 2101
649 2105
650 2110
651 2115
652 2120
653 2124
654 2128
655 2132
656 2135
657 2138
658 2141
659 2144
660 2147
661 2150
662 2153
663 2157
664 2161
665 2165
666 2168
667 2171
668 2174
669 2176
670 2179
671 2182
672 2185
673 2187
674 2189
675 2191
676 2193
677 2196
678 2199
679 2202
680 2206
681 2209
682 2212
683 2215
684 2217
685 2219
686 2220
687 2221
688 2222
689 2223
690 2224
691 2225
692 2226
693 2227
694 2228
695 2229
696 2230
697 2231
698 2239
699 2249
700 2259
701 2266
702 2271
703 2274
704 2277
705 2280
706 2282
707 2284
708 2286
709 2288
710 2290
711 2292
712 2296
713 2299
714 2301
715 2304
716 2306
717 2309
718 2312
719 2314
720 2316
721 2318
722 2321
723 2325
724 2329
725 2332
726 2335
727 2339
728 2343
729 2346
730 2349
731 2352
732 2355
733 2358
734 2360
735 2363
736 2366
737 2368
738 2371
739 2373
740 2375
741 2377
742 2379
743 2382
744 2384
745 2386
746 2387
747 2389
748 2390
749 2392
750 2393
751 2396
752 2399
753 2401
754 2404
755 2406
756 2408
757 2410
758 2412
759 2416
760 2423
761 2431
762 2437
763 2442
764 2447
765 2449
766 2463
767 2469
768 2474
769 2477
770 2480
771 2482
772 2484
773 2485
774 2487
775 2490
776 2493
777 2495
778 2498
779 2501
780 2504
781 2507
782 2510
783 2513
784 2517
785 2521
786 2524
787 2527
788 2530
789 2533
790 2535
791 2539
792 2543
793 2547
794 2550
795 2552
796 2554
797 2557
798 2559
799 2563
800 2567
801 2571
802 2574
803 2579
804 2583
805 2585
806 2587
807 2588
808 2589
809 2590
810 2591
811 2594
812 2599
813 2605
814 2609
815 2614
816 2619
817 2624
818 2627
819 2630
820 2634
821 2637
822 2640
823 2643
824 2646
825 2649
826 2653
827 2657
828 2661
829 2664
830 2667
831 2671
832 2676
833 2681
834 2687
835 2692
836 2697
837 2702
838 2706
839 2711
840 2715
841 2719
842 2723
843 2727
844 2732
845 2737
846 2739
847 2742
848 2745
849 2748
850 2751
851 2754
852 2757
853 2759
854 2761
855 2764
856 2768
857 2773
858 2777
859 2781
860 2784
861 2787
862 2789
863 2792
864 2795
865 2798
866 2802
867 2806
868 2808
869 2811
870 2814
871 2818
872 2822
873 2827
874 2830
875 2833
876 2836
877 2840
878 2843
879 2848
880 2854
881 2861
882 2868
883 2874
884 2878
885 2882
886 2885
887 2888
888 2892
889 2895
890 2899
891 2903
892 2907
893 2910
894 2913
895 2916
896 2920
897 2924
898 2926
899 2928
900 2930
901 2933
902 2937
903 2941
904 2945
905 2949
906 2953
907 2957
908 2960
909 2962
910 2965
911 2969
912 2974
913 2978
914 2982
915 2986
916 2990
917 2993
