0 0
1 2
2 3
3 5
4 8
5 11
6 14
7 17
8 19
9 22
10 25
11 28
12 31
13 34
14 36
15 38
16 40
17 42
18 44
19 47
20 49
21 52
22 56
23 59
24 62
25 66
26 69
27 71
28 73
29 75
30 77
31 79
32 80
33 82
34 85
35 90
36 95
37 100
38 107
39 115
40 121
41 126
42 129
43 133
44 136
45 138
46 140
47 142
48 145
49 149
50 153
51 157
52 161
53 164
54 168
55 171
56 173
57 176
58 180
59 182
60 184
61 187
62 191
63 195
64 200
65 203
66 207
67 211
68 217
69 225
70 230
71 235
72 240
73 243
74 246
75 249
76 252
77 256
78 260
79 264
80 267
81 270
82 274
83 277
84 280
85 282
86 284
87 289
88 295
89 300
90 305
91 309
92 312
93 316
94 320
95 324
96 328
97 333
98 338
99 341
100 344
101 347
102 351
103 355
104 361
105 367
106 373
107 378
108 384
109 390
110 393
111 395
112 397
113 401
114 406
115 412
116 418
117 423
118 428
119 432
120 435
121 438
122 442
123 447
124 451
125 455
126 459
127 463
128 467
129 471
130 474
131 476
132 478
133 480
134 481
135 482
136 483
137 484
138 487
139 491
140 494
141 496
142 499
143 502
144 505
145 509
146 511
147 512
148 513
149 514
150 515
151 516
152 517
153 518
154 520
155 528
156 543
157 572
158 579
159 585
160 589
161 593
162 596
163 600
164 603
165 606
166 607
167 608
168 610
169 612
170 615
171 619
172 623
173 626
174 629
175 632
176 635
177 638
178 640
179 642
180 644
181 647
182 650
183 653
184 655
185 659
186 664
187 667
188 669
189 671
190 673
191 675
192 678
193 680
194 682
195 683
196 685
197 687
198 688
199 690
200 692
201 695
202 698
203 702
204 705
205 707
206 708
207 709
208 710
209 711
210 712
211 714
212 715
213 716
214 717
215 718
216 724
217 730
218 736
219 741
220 747
221 751
222 755
223 760
224 764
225 767
226 769
227 771
228 773
229 776
230 779
231 783
232 786
233 788
234 790
235 792
236 794
237 797
238 799
239 802
240 805
241 808
242 812
243 815
244 818
245 821
246 824
247 827
248 830
249 832
250 835
251 840
252 845
253 850
254 855
255 858
256 860
257 862
258 863
259 865
260 866
261 867
262 868
263 870
264 873
265 877
266 881
267 885
268 888
269 891
270 894
271 896
272 898
273 900
274 902
275 904
276 907
277 909
278 910
279 913
280 917
281 922
282 925
283 928
284 931
285 935
286 939
287 944
288 950
289 955
290 959
291 962
292 965
293 969
294 972
295 976
296 980
297 984
298 986
299 987
300 988
301 989
302 990
303 991
304 993
305 996
306 998
307 1000
308 1002
309 1004
310 1005
311 1008
312 1012
313 1016
314 1019
315 1021
316 1023
317 1025
318 1028
319 1030
320 1034
321 1037
322 1040
323 1043
324 1046
325 1049
326 1052
327 1054
328 1056
329 1057
330 1058
331 1059
332 1060
333 1061
334 1062
335 1063
336 1064
337 1066
338 1068
339 1070
340 1071
341 1073
342 1075
343 1077
344 1079
345 1081
346 1083
347 1085
348 1087
349 1089
350 1090
351 1091
352 1093
353 1095
354 1097
355 1099
356 1102
357 1105
358 1108
359 1113
360 1119
361 1125
362 1130
363 1134
364 1137
365 1140
366 1143
367 1148
368 1152
369 1156
370 1160
371 1163
372 1166
373 1169
374 1173
375 1176
376 1179
377 1182
378 1186
379 1189
380 1191
381 1193
382 1195
383 1196
384 1198
385 1202
386 1206
387 1211
388 1217
389 1223
390 1229
391 1234
392 1238
393 1240
394 1243
395 1248
396 1254
397 1259
398 1266
399 1271
400 1274
401 1278
402 1282
403 1287
404 1291
405 1296
406 1300
407 1304
408 1308
409 1311
410 1315
411 1319
412 1322
413 1324
414 1327
415 1330
416 1334
417 1336
418 1338
419 1340
420 1345
421 1350
422 1355
423 1358
424 1361
425 1363
426 1367
427 1372
428 1378
429 1386
430 1398
431 1405
432 1409
433 1412
434 1415
435 1419
436 1422
437 1425
438 1429
439 1432
440 1435
441 1438
442 1441
443 1444
444 1447
445 1449
446 1451
447 1454
448 1457
449 1459
450 1461
451 1463
452 1466
453 1469
454 1472
455 1474
456 1476
457 1478
458 1481
459 1484
460 1487
461 1489
462 1491
463 1493
464 1495
465 1498
466 1500
467 1502
468 1504
469 1506
470 1509
471 1511
472 1514
473 1516
474 1519
475 1522
476 1525
477 1528
478 1530
479 1532
480 1534
481 1536
482 1538
483 1540
484 1543
485 1548
486 1553
487 1558
488 1563
489 1569
490 1573
491 1576
492 1609
493 1613
494 1625
495 1634
496 1636
497 1639
498 1641
499 1644
500 1647
501 1651
502 1654
503 1656
504 1658
505 1661
506 1664
507 1667
508 1669
509 1672
510 1677
511 1681
512 1683
513 1685
514 1688
515 1690
516 1692
517 1694
518 1696
519 1698
520 1700
521 1705
522 1710
523 1715
524 1719
525 1723
526 1726
527 1728
528 1731
529 1733
530 1735
531 1740
532 1744
533 1747
534 1750
535 1752
536 1755
537 1758
538 1761
539 1763
540 1765
541 1767
542 1770
543 1774
544 1778
545 1783
546 1789
547 1795
548 1799
549 1803
550 1806
551 1812
552 1817
553 1819
554 1821
555 1823
556 1825
557 1826
558 1828
559 1830
560 1832
561 1834
562 1836
563 1839
564 1843
565 1846
566 1849
567 1851
568 1853
569 1857
570 1861
571 1865
572 1869
573 1872
574 1875
575 1879
576 1883
577 1885
578 1887
579 1888
580 1891
581 1894
582 1898
583 1902
584 1905
585 1908
586 1912
587 1914
588 1916
589 1918
590 1920
591 1923
592 1928
593 1936
594 1945
595 1952
596 1958
597 1961
598 1965
599 1969
600 1972
601 1975
602 1978
603 1981
604 1984
605 1987
606 1989
607 1991
608 1993
609 1995
610 1999
611 2003
612 2006
613 2008
614 2010
615 2012
616 2014
617 2016
618 2019
619 2022
620 2025
621 2028
622 2031
623 2033
624 2035
625 2037
626 2040
627 2044
628 2047
629 2049
630 2052
631 2055
632 2058
633 2061
634 2064
635 2067
636 2070
637 2073
638 2075
639 2078
640 2080
641 2082
642 2085
643 2088
644 2092
645 2094
646 2097
647 2100
648 2104
649 2108
650 2113
651 2118
652 2123
653 2127
654 2132
655 2135
656 2138
657 2141
658 2144
659 2147
660 2150
661 2154
662 2157
663 2161
664 2166
665 2169
666 2173
667 2176
668 2179
669 2182
670 2185
671 2187
672 2189
673 2191
674 2193
675 2196
676 2199
677 2202
678 2205
679 2209
680 2212
681 2215
682 2217
683 2219
684 2220
685 2221
686 2222
687 2223
688 2224
689 2225
690 2226
691 2227
692 2228
693 2229
694 2230
695 2237
696 2246
697 2256
698 2263
699 2269
700 2273
701 2276
702 2278
703 2281
704 2283
705 2285
706 2287
707 2289
708 2291
709 2295
710 2298
711 2300
712 2302
713 2305
714 2307
715 2310
716 2312
717 2314
718 2316
719 2318
720 2321
721 2325
722 2329
723 2332
724 2335
725 2338
726 2341
727 2345
728 2348
729 2351
730 2354
731 2357
732 2360
733 2363
734 2366
735 2368
736 2371
737 2373
738 2375
739 2377
740 2379
741 2382
742 2384
743 2386
744 2387
745 2389
746 2390
747 2392
748 2393
749 2396
750 2399
751 2401
752 2404
753 2406
754 2408
755 2410
756 2412
757 2416
758 2423
759 2431
760 2437
761 2443
762 2460
763 2467
764 2472
765 2476
766 2479
767 2482
768 2483
769 2484
770 2487
771 2490
772 2493
773 2496
774 2499
775 2503
776 2506
777 2510
778 2513
779 2517
780 2521
781 2524
782 2527
783 2530
784 2533
785 2535
786 2539
787 2543
788 2547
789 2550
790 2552
791 2554
792 2557
793 2559
794 2563
795 2567
796 2571
797 2574
798 2578
799 2582
800 2585
801 2587
802 2588
803 2589
804 2590
805 2591
806 2594
807 2600
808 2605
809 2609
810 2614
811 2619
812 2624
813 2627
814 2630
815 2634
816 2637
817 2640
818 2643
819 2646
820 2649
821 2652
822 2657
823 2661
824 2664
825 2667
826 2671
827 2676
828 2682
829 2688
830 2694
831 2700
832 2705
833 2710
834 2714
835 2718
836 2722
837 2726
838 2730
839 2735
840 2739
841 2741
842 2744
843 2747
844 2750
845 2753
846 2756
847 2758
848 2760
849 2762
850 2765
851 2769
852 2773
853 2777
854 2781
855 2784
856 2787
857 2789
858 2792
859 2795
860 2798
861 2802
862 2806
863 2808
864 2811
865 2814
866 2818
867 2823
868 2828
869 2831
870 2834
871 2838
872 2841
873 2844
874 2849
875 2856
876 2863
877 2870
878 2875
879 2878
880 2882
881 2885
882 2888
883 2892
884 2895
885 2899
886 2903
887 2907
888 2910
889 2913
890 2916
891 2920
892 2924
893 2926
894 2928
895 2930
896 2933
897 2937
898 2941
899 2945
900 2949
901 2953
902 2957
903 2960
904 2962
905 2965
906 2968
907 2973
908 2978
909 2982
910 2986
911 2990
912 2993
913 2997
914 3001
915 3005
916 3009
917 3013
918 3016
919 3020
920 3022
921 3025
922 3029
923 3032
924 3035
925 3038
926 3041
927 3045
928 3048
929 3050
930 3052
931 3055
932 3058
933 3062
934 3066
935 3068
936 3070
937 3072
938 3074
939 3077
940 3081
941 3084
942 3088
943 3093
944 3100
945 3107
946 3112
947 3116
948 3120
949 3124
950 3128
951 3132
952 3136
953 3140
954 3144
955 3148
956 3152
957 3155
958 3157
959 3159
960 3162
961 3165
962 3168
963 3171
964 3173
965 3175
966 3179
967 3182
968 3185
969 3188
970 3190
971 3193
972 3196
973 3199
974 3201
975 3203
976 3205
977 3208
978 3211
979 3214
980 3217
981 3219
982 3220
983 3222
984 3224
985 3226
986 3230
987 3234
988 3237
989 3239
990 3241
991 3243
992 3246
993 3249
994 3252
995 3254
996 3257
997 3263
998 3270
999 3279
1000 3285
1001 3289
1002 3292
1003 3295
1004 3298
1005 3317
1006 3320
1007 3324
1008 3327
1009 3329
1010 3332
1011 3334
1012 3336
1013 3339
1014 3344
1015 3347
1016 3351
1017 3354
1018 3357
1019 3398
1020 3401
1021 3402
1022 3403
1023 3406
1024 3448
1025 3458
1026 3481
1027 3492
1028 3497
1029 3501
1030 3503
1031 3504
1032 3505
1033 3508
1034 3509
1035 3553
1036 3558
1037 3564
1038 3566
1039 3567
1040 3569
1041 3573
1042 3578
1043 3582
1044 3585
1045 3588
1046 3591
1047 3594
1048 3596
1049 3598
1050 3600
1051 3603
1052 3605
1053 3607
1054 3609
1055 3611
1056 3613
1057 3615
1058 3617
1059 3619
1060 3621
1061 3623
1062 3625
1063 3627
1064 3629
1065 3630
1066 3632
1067 3634
1068 3636
1069 3638
1070 3642
1071 3646
1072 3649
1073 3652
1074 3654
1075 3656
1076 3658
1077 3660
1078 3670
1079 3678
1080 3686
1081 3705
1082 3707
1083 3709
1084 3726
1085 3731
1086 3734
1087 3737
1088 3741
1089 3745
1090 3751
1091 3755
1092 3757
1093 3759
1094 3761
1095 3765
1096 3773
1097 3779
1098 3781
1099 3783
1100 3785
1101 3787
1102 3789
1103 3795
1104 3799
1105 3804
1106 3808
1107 3812
1108 3815
1109 3818
1110 3820
1111 3822
1112 3825
1113 3829
1114 3833
1115 3835
1116 3837
1117 3839
1118 3843
1119 3846
1120 3848
1121 3850
1122 3852
1123 3853
1124 3856
1125 3860
1126 3863
1127 3866
1128 3868
1129 3871
1130 3875
1131 3877
1132 3880
1133 3881
1134 3883
1135 3885
1136 3887
1137 3889
1138 3891
1139 3893
1140 3897
1141 3902
1142 3906
1143 3910
1144 3913
1145 3917
1146 3921
1147 3923
1148 3925
1149 3926
1150 3927
1151 3928
1152 3934
1153 3942
1154 3953
1155 3960
1156 3967
1157 3972
1158 3976
1159 3979
1160 3981
1161 3984
1162 3987
1163 3991
1164 3994
1165 3996
1166 3998
1167 4001
1168 4003
1169 4005
1170 4007
1171 4009
1172 4011
1173 4013
1174 4016
1175 4019
1176 4022
1177 4024
1178 4026
1179 4028
1180 4030
1181 4032
1182 4034
1183 4036
1184 4038
1185 4041
1186 4044
1187 4046
1188 4048
1189 4050
1190 4053
1191 4054
1192 4056
1193 4058
1194 4060
1195 4063
1196 4065
1197 4067
1198 4069
1199 4070
1200 4072
1201 4073
1202 4075
1203 4076
1204 4078
1205 4080
1206 4082
1207 4084
1208 4086
1209 4088
1210 4090
1211 4091
1212 4092
1213 4094
1214 4096
1215 4098
1216 4100
1217 4102
1218 4104
1219 4106
1220 4108
1221 4110
1222 4112
1223 4114
1224 4116
1225 4118
1226 4119
1227 4121
1228 4122
1229 4123
1230 4125
1231 4127
1232 4129
1233 4131
1234 4133
1235 4135
1236 4137
1237 4139
1238 4141
1239 4143
1240 4145
1241 4147
1242 4149
1243 4151
1244 4152
1245 4154
1246 4155
1247 4156
1248 4157
1249 4158
1250 4159
1251 4161
1252 4163
1253 4165
1254 4168
1255 4170
1256 4172
1257 4174
1258 4176
1259 4178
1260 4180
1261 4182
1262 4184
1263 4187
1264 4189
1265 4190
1266 4192
1267 4194
1268 4196
1269 4197
1270 4198
1271 4200
1272 4201
1273 4203
1274 4205
1275 4208
1276 4210
1277 4212
1278 4214
1279 4216
1280 4218
1281 4220
1282 4221
1283 4223
1284 4225
1285 4227
1286 4230
1287 4233
1288 4235
1289 4238
1290 4240
1291 4242
1292 4244
1293 4246
1294 4248
1295 4250
1296 4252
1297 4254
1298 4256
1299 4258
1300 4260
1301 4262
1302 4264
1303 4266
1304 4267
1305 4269
1306 4271
1307 4272
1308 4273
1309 4275
1310 4277
1311 4279
1312 4281
1313 4283
1314 4285
1315 4287
1316 4289
1317 4291
1318 4293
1319 4294
1320 4296
1321 4298
1322 4300
1323 4302
1324 4304
1325 4306
1326 4308
1327 4310
1328 4312
1329 4314
1330 4316
1331 4319
1332 4322
1333 4324
1334 4326
1335 4328
1336 4330
1337 4332
1338 4334
1339 4336
1340 4339
1341 4342
1342 4344
1343 4347
1344 4349
1345 4351
1346 4353
1347 4355
1348 4357
1349 4360
1350 4363
1351 4367
1352 4369
1353 4372
1354 4375
1355 4378
1356 4380
1357 4382
1358 4384
1359 4387
1360 4390
1361 4393
1362 4396
1363 4399
1364 4402
1365 4405
1366 4410
1367 4416
1368 4426
1369 4434
1370 4439
1371 4444
1372 4448
1373 4451
1374 4454
1375 4474
1376 4480
1377 4484
1378 4487
1379 4489
1380 4494
1381 4497
1382 4501
1383 4504
1384 4507
1385 4510
1386 4513
1387 4515
1388 4517
1389 4519
1390 4520
1391 4521
1392 4529
1393 4532
1394 4535
1395 4537
1396 4539
